recall: 0.40196360205571047
precision: 0.47784842722446713
f1: 0.41181704459434854
jaccard: 0.20590852229717427
weighted_precision: 0.5259823097067122
recall@1: 0.2591797329258703
precision@1: 0.5972189208462086
f1@1: 0.3295262551145603
recall@3: 0.3853391201144945
precision@3: 0.4940377149195785
f1@3: 0.4087379684041061
recall@5: 0.40193983214841306
precision@5: 0.47784842722446713
f1@5: 0.41180460556360665
recall@10: 0.40196360205571047
precision@10: 0.47784842722446713
f1@10: 0.41181704459434854
label_frequencies:
  0:
    precision: 0.11707680835197613
    recall: 0.1158960974397216
    support: 1341
  10:
    precision: 0.13162100456621004
    recall: 0.1260006523157208
    support: 3650
  100:
    precision: 0.21240996356284578
    recall: 0.18680972574419427
    support: 5985
  1000:
    precision: 0.3264901329602426
    recall: 0.2839619876859845
    support: 3100
  10000:
    precision: 0.4121958966868961
    recall: 0.4346525391067723
    support: 224
  100000:
    precision: 0.33353229009889424
    recall: 0.4491812908527701
    support: 5
entity_types:
  Sachbegriff:
    precision: 0.20060565604502914
    recall: 0.1785510159000498
  Geografikum:
    precision: 0.31448586339937223
    recall: 0.3042917133251118
  Person (individualisiert):
    precision: 0.37630123732308823
    recall: 0.34843395084397655
  Werk:
    precision: 0.11706861900660351
    recall: 0.11375188119374166
  Körperschaft:
    precision: 0.15322486772486774
    recall: 0.1433827073827074
  Konferenz:
    precision: 0.07692307692307693
    recall: 0.07692307692307693
  null:
    precision: 0.0
    recall: 0.0
avg_no_preds: 2.752674114570953
bertscore:
  precision: 0.8401233683735848
  recall: 0.8194416035821213
  f1: 0.8285237480533189
meteor: 0.37060442537803234
rouge:
  rouge1: 0.4436623788370164
  rouge2: 0.18810210520622658
  rougeL: 0.4210870229200995
  rougeLsum: 0.4211454114304629
