recall: 0.4097097664645111
precision: 0.3002942591177885
f1: 0.3167587633061715
jaccard: 0.15837938165308574
weighted_precision: 0.3516938848074912
recall@1: 0.21116385484425748
precision@1: 0.5086155674390969
f1@1: 0.2723364672562534
recall@3: 0.37078226332132175
precision@3: 0.3509605862547039
f1@3: 0.328081878761862
recall@5: 0.4079685361493058
precision@5: 0.30338086749851456
f1@5: 0.31825778111408043
recall@10: 0.4097097664645111
precision@10: 0.3002942591177885
f1@10: 0.3167587633061715
label_frequencies:
  0:
    precision: 0.05034293552812071
    recall: 0.050171467764060354
    support: 813
  1:
    precision: 0.06891025641025642
    recall: 0.07031857031857032
    support: 704
  10:
    precision: 0.12350286493101914
    recall: 0.12307961541314345
    support: 1962
  100:
    precision: 0.2016213668689358
    recall: 0.19268694062183522
    support: 4935
  1000:
    precision: 0.32250289233675794
    recall: 0.3046755324048629
    support: 2752
  .inf:
    precision: 0.40286479637425415
    recall: 0.42132412832719224
    support: 221
entity_types:
  Sachbegriff:
    precision: 0.18548062099566948
    recall: 0.17974143175182203
  Geografikum:
    precision: 0.21795187023360482
    recall: 0.2131962214361286
  Person (individualisiert):
    precision: 0.07807574009996156
    recall: 0.061466743560169165
  Werk:
    precision: 0.0668098510882016
    recall: 0.059138627695328724
  Körperschaft:
    precision: 0.1287747333180877
    recall: 0.12398171802145312
  null:
    precision: 0.0
    recall: 0.0
  Konferenz:
    precision: 0.10344827586206896
    recall: 0.10344827586206896
avg_no_preds: 4.0780748663101605
bertscore:
  precision: 0.7835581477879769
  recall: 0.7954690815718204
  f1: 0.787969783212341
meteor: 0.2605523111916174
rouge:
  rouge1: 0.35508574449509994
  rouge2: 0.12606158738676476
  rougeL: 0.3099192273349948
  rougeLsum: 0.31025244467759955
similarity_to_title:
  not-similar: 0.13457556935817805
  somewhat-similar: 0.22821194207928847
  similar: 0.48962616822429905
  very-similar: 0.6876790830945558
