recall: 0.31111616481491705
precision: 0.4319259825142178
f1: 0.3367211070398656
jaccard: 0.1683605535199328
weighted_precision: 0.4793729676675923
recall@1: 0.2288539109929484
precision@1: 0.5289364230540701
f1@1: 0.290776739600269
recall@3: 0.30460213649161955
precision@3: 0.4432957021192315
f1@3: 0.33732005005623544
recall@5: 0.31102675531374285
precision@5: 0.4322321251733016
f1@5: 0.3368390092076786
recall@10: 0.31111616481491705
precision@10: 0.4319259825142178
f1@10: 0.3367211070398656
label_frequencies:
  0:
    precision: 0.0673076923076923
    recall: 0.06490384615384616
    support: 813
  1:
    precision: 0.05985617597292724
    recall: 0.05879864636209814
    support: 704
  10:
    precision: 0.09416354556803995
    recall: 0.08740324594257179
    support: 1962
  100:
    precision: 0.14416709245774248
    recall: 0.12339051355018849
    support: 4935
  1000:
    precision: 0.28615752058684185
    recall: 0.2104978730839482
    support: 2752
  .inf:
    precision: 0.381751986846966
    recall: 0.33674119337405595
    support: 221
entity_types:
  Sachbegriff:
    precision: 0.14964872147889144
    recall: 0.12135946280905967
  Körperschaft:
    precision: 0.07489041439771367
    recall: 0.0730869555687074
  Geografikum:
    precision: 0.20820552329556732
    recall: 0.1867100219799845
  Person (individualisiert):
    precision: 0.25381024089303933
    recall: 0.22188516684665593
  Werk:
    precision: 0.09592413236481033
    recall: 0.09468820122573149
  Konferenz:
    precision: 0.21428571428571427
    recall: 0.21428571428571427
  null:
    precision: 0.0
    recall: 0.0
avg_no_preds: 2.3553178847296494
bertscore:
  precision: 0.8100466252081605
  recall: 0.7751988912896606
  f1: 0.7908883941293967
meteor: 0.2709460809991916
rouge:
  rouge1: 0.35711716424490325
  rouge2: 0.12889274431508516
  rougeL: 0.33823916545632465
  rougeLsum: 0.3382120106566635
similarity_to_title:
  not-similar: 0.17184265010351968
  somewhat-similar: 0.17886002494712294
  similar: 0.32869158878504673
  very-similar: 0.5214899713467048
