recall: 0.43021046204378605
precision: 0.20066241177958066
f1: 0.2509880617515683
jaccard: 0.12549403087578415
weighted_precision: 0.25261611261016065
recall@1: 0.19983565413800736
precision@1: 0.4723080579985738
f1@1: 0.255761240845624
recall@3: 0.34949919511067595
precision@3: 0.31411932493463274
f1@3: 0.29920481882058525
recall@5: 0.40459024067837807
precision@5: 0.24333848347991444
f1@5: 0.2783549390476074
recall@10: 0.42945326358632613
precision@10: 0.20282248784150378
f1@10: 0.25315001351753785
label_frequencies:
  0:
    precision: 0.04831697658402204
    recall: 0.04981737012987013
    support: 813
  10:
    precision: 0.08963894714392351
    recall: 0.09527097477458264
    support: 2665
  100:
    precision: 0.17253466227685735
    recall: 0.19791054459262636
    support: 4934
  1000:
    precision: 0.2659651609431787
    recall: 0.3164637786093818
    support: 2752
  10000:
    precision: 0.3257336607002482
    recall: 0.366762767723168
    support: 216
  100000:
    precision: 0.33535353535353535
    recall: 0.17930853054192714
    support: 5
entity_types:
  Sachbegriff:
    precision: 0.13847766339070866
    recall: 0.15932934944569954
  Geografikum:
    precision: 0.1947796976250199
    recall: 0.20804452252297242
  Person (individualisiert):
    precision: 0.15045816049636085
    recall: 0.14681562777912524
  Werk:
    precision: 0.07032631783831357
    recall: 0.07209947655566991
  Körperschaft:
    precision: 0.11028691543249926
    recall: 0.11225290373017646
  null:
    precision: 0.0
    recall: 0.0
  Konferenz:
    precision: 0.03225806451612903
    recall: 0.03225806451612903
avg_no_preds: 6.758735440931781
bertscore:
  precision: 0.7399469539859614
  recall: 0.7802728241048744
  f1: 0.7581339996615356
meteor: 0.21604730072763056
rouge:
  rouge1: 0.2487327951259954
  rouge2: 0.06550669322448859
  rougeL: 0.21045427878648296
  rougeLsum: 0.2135962444195771
similarity_to_title:
  not-similar: 0.017104714226115977
  somewhat-similar: 0.16904577191621412
  similar: 0.5410638771422213
  very-similar: 0.7673060884070059
