recall: 0.3052804934306703
precision: 0.1941451511275614
f1: 0.21441871967711257
jaccard: 0.10720935983855627
weighted_precision: 0.24024249436436818
recall@1: 0.17179514421610928
precision@1: 0.41609222724031375
f1@1: 0.22187145580299847
recall@3: 0.2822007966702034
precision@3: 0.25536803739798747
f1@3: 0.24225145297832276
recall@5: 0.3042184407671201
precision@5: 0.1997345693685128
f1@5: 0.21830049133240004
recall@10: 0.3052804934306703
precision@10: 0.1941451511275614
f1@10: 0.21441871967711257
label_frequencies:
  0:
    precision: 0.04247430249632893
    recall: 0.04365953429830082
    support: 813
  10:
    precision: 0.08064553004672766
    recall: 0.08169234247078558
    support: 2665
  100:
    precision: 0.1381547710452187
    recall: 0.1400234061464085
    support: 4934
  1000:
    precision: 0.23397452485694709
    recall: 0.21237967679273542
    support: 2752
  10000:
    precision: 0.3168085231289774
    recall: 0.2776162855328948
    support: 216
  100000:
    precision: 0.35788286713286716
    recall: 0.1891184064189592
    support: 5
entity_types:
  Sachbegriff:
    precision: 0.12749221702657926
    recall: 0.12489199325558609
  Körperschaft:
    precision: 0.07644038359888243
    recall: 0.08038580845598389
  Geografikum:
    precision: 0.16078993781143652
    recall: 0.15010991896816483
  Werk:
    precision: 0.05705128205128205
    recall: 0.055603691180614256
  Person (individualisiert):
    precision: 0.03885155052470227
    recall: 0.036208387375702554
  null:
    precision: 0.0
    recall: 0.0
  Konferenz:
    precision: 0.0625
    recall: 0.0625
avg_no_preds: 4.477418588067507
bertscore:
  precision: 0.7431238873896928
  recall: 0.758018106094641
  f1: 0.7492127470585351
meteor: 0.1106414815440336
rouge:
  rouge1: 0.2354875065204168
  rouge2: 0.05598566705094628
  rougeL: 0.20468405689367547
  rougeLsum: 0.20675504647057855
