recall: 0.306138428050787
precision: 0.19486885991223998
f1: 0.21511264660871207
jaccard: 0.10755632330435604
weighted_precision: 0.24052289721919107
recall@1: 0.1684348107719869
precision@1: 0.4105062990254338
f1@1: 0.21798270068415065
recall@3: 0.28330255720267467
precision@3: 0.25616036764123284
f1@3: 0.24288183733208832
recall@5: 0.3044809958044553
precision@5: 0.20025750732905476
f1@5: 0.2186717035159591
recall@10: 0.306138428050787
precision@10: 0.19486885991223998
f1@10: 0.21511264660871207
label_frequencies:
  0:
    precision: 0.04358298733099116
    recall: 0.04426168423293942
    support: 813
  10:
    precision: 0.0815367950647091
    recall: 0.08349921673294311
    support: 2665
  100:
    precision: 0.13773673016258567
    recall: 0.13677896351855925
    support: 4934
  1000:
    precision: 0.24503371696176848
    recall: 0.2210558518352843
    support: 2752
  10000:
    precision: 0.30797237600675675
    recall: 0.264963161792669
    support: 216
  100000:
    precision: 0.3403729603729604
    recall: 0.13931584418342938
    support: 5
entity_types:
  Sachbegriff:
    precision: 0.12925749843469794
    recall: 0.12537012728028207
  Geografikum:
    precision: 0.16653360032998932
    recall: 0.15547966853700798
  Werk:
    precision: 0.04550337630448128
    recall: 0.04267095703559792
  Körperschaft:
    precision: 0.08046297029718874
    recall: 0.088960748205281
  Person (individualisiert):
    precision: 0.052795933188090054
    recall: 0.04635681433067054
  null:
    precision: 0.0
    recall: 0.0
  Konferenz:
    precision: 0.07142857142857142
    recall: 0.07142857142857142
avg_no_preds: 4.47468504872831
bertscore:
  precision: 0.7428715688359973
  recall: 0.7580984360338079
  f1: 0.7491170025818247
meteor: 0.1127543241331908
rouge:
  rouge1: 0.23692614265683826
  rouge2: 0.05647443928690443
  rougeL: 0.20565417109135525
  rougeLsum: 0.20746923436004555
similarity_to_title:
  not-similar: 0.031055900621118012
  somewhat-similar: 0.13375277973639962
  similar: 0.4099663425579656
  very-similar: 0.664756446991404
