recall: 0.40972973359472054
precision: 0.10515806988352745
f1: 0.15593660745860985
jaccard: 0.07796830372930492
weighted_precision: 0.1356131479789938
recall@1: 0.21188671581172175
precision@1: 0.46909912051343
f1@1: 0.26570873531296635
recall@3: 0.3254404391794456
precision@3: 0.26388558751287533
f1@3: 0.2620620378710886
recall@5: 0.37027982812686877
precision@5: 0.18502495840266223
f1@5: 0.22438589063160122
recall@10: 0.40972973359472054
precision@10: 0.10515806988352745
f1@10: 0.15593660745860985
label_frequencies:
  0:
    precision: 0.027277483082154188
    recall: 0.031133108293038957
    support: 813
  10:
    precision: 0.040415721245788176
    recall: 0.050504465626061965
    support: 2665
  100:
    precision: 0.1313307495932583
    recall: 0.1700040490155267
    support: 4934
  1000:
    precision: 0.2778525169289938
    recall: 0.2641849264030644
    support: 2752
  10000:
    precision: 0.48627572130331365
    recall: 0.19115716144705658
    support: 216
  100000:
    precision: 0.4666666666666667
    recall: 0.019741373251809684
    support: 5
entity_types:
  Sachbegriff:
    precision: 0.07871928531192288
    recall: 0.09378347357522637
  Geografikum:
    precision: 0.10236941675895164
    recall: 0.07820167511661864
  Person (individualisiert):
    precision: 0.0882529174904134
    recall: 0.08355844753360281
  Werk:
    precision: 0.055606523955147806
    recall: 0.06576203758379381
  null:
    precision: 0.0
    recall: 0.0
  Körperschaft:
    precision: 0.05252775277527753
    recall: 0.05599639816561509
  Konferenz:
    precision: 0.050505050505050504
    recall: 0.0743801652892562
avg_no_preds: 10.0
similarity_to_title:
  not-similar: 0
  somewhat-similar: 0.022055643649992792
  similar: 0.6279490270363355
  very-similar: 0.9854368932038835
