recall: 0.3287063021638884
precision: 0.19345363061049337
f1: 0.22094647989743546
jaccard: 0.11047323994871773
weighted_precision: 0.25231298419175435
recall@1: 0.175712716229126
precision@1: 0.43683897801544863
f1@1: 0.22905336031895746
recall@3: 0.29673503351704045
precision@3: 0.2764309764309764
f1@3: 0.25945462102586986
recall@5: 0.3258658601077601
precision@5: 0.20403842345018816
f1@5: 0.22829608017800268
recall@10: 0.3287063021638884
precision@10: 0.19345363061049337
f1@10: 0.22094647989743546
label_frequencies:
  0:
    precision: 0.0413322632423756
    recall: 0.042837078651685394
    support: 813
  1:
    precision: 0.05957610789980732
    recall: 0.060789980732177264
    support: 704
  10:
    precision: 0.10639391715590346
    recall: 0.10805088968616366
    support: 1962
  100:
    precision: 0.1504776739130952
    recall: 0.15032779086785816
    support: 4935
  1000:
    precision: 0.23523515727723113
    recall: 0.24286033302446713
    support: 2752
  .inf:
    precision: 0.3094917540995455
    recall: 0.35209798274204007
    support: 221
entity_types:
  Sachbegriff:
    precision: 0.1405294000411415
    recall: 0.1435604158342068
  Geografikum:
    precision: 0.18399433711870977
    recall: 0.1814075283398641
  Körperschaft:
    precision: 0.07227527011178113
    recall: 0.0786159952103553
  Werk:
    precision: 0.03469387755102041
    recall: 0.03603199521566869
  Person (individualisiert):
    precision: 0.060191518467852256
    recall: 0.05512235902112783
  null:
    precision: 0.0
    recall: 0.0
  Konferenz:
    precision: 0.06666666666666667
    recall: 0.06666666666666667
avg_no_preds: 5.075222816399287
bertscore:
  precision: 0.7496819809229687
  recall: 0.7628105536997495
  f1: 0.7548530228918532
meteor: 0.10880428259869197
rouge:
  rouge1: 0.24022019427804286
  rouge2: 0.050617744853884844
  rougeL: 0.20359164545867064
  rougeLsum: 0.20370230828143532
similarity_to_title:
  not-similar: 0.051759834368530024
  somewhat-similar: 0.17197244969900755
  similar: 0.42439252336448596
  very-similar: 0.5759312320916905
