recall: 0.31890686301786847
precision: 0.19812146988579127
f1: 0.22060636240245118
jaccard: 0.11030318120122559
weighted_precision: 0.2525381198464642
recall@1: 0.17399559411087817
precision@1: 0.4241739957214167
f1@1: 0.2251969730873938
recall@3: 0.2910703078845461
precision@3: 0.2636478884399017
f1@3: 0.24983364308648498
recall@5: 0.3166427793477948
precision@5: 0.20420331194041677
f1@5: 0.22467098377169387
recall@10: 0.31890686301786847
precision@10: 0.19812146988579127
f1@10: 0.22060636240245118
label_frequencies:
  0:
    precision: 0.04721693121693122
    recall: 0.0485978835978836
    support: 813
  10:
    precision: 0.08369384455479847
    recall: 0.0861635292758979
    support: 2665
  100:
    precision: 0.14095809260042338
    recall: 0.14455755816481602
    support: 4934
  1000:
    precision: 0.23921343381594748
    recall: 0.2278349538179871
    support: 2752
  10000:
    precision: 0.3018567896604998
    recall: 0.27980679396720604
    support: 216
  100000:
    precision: 0.4296738421395956
    recall: 0.25522284102434256
    support: 5
entity_types:
  Sachbegriff:
    precision: 0.130768451131439
    recall: 0.13098376710663392
  Geografikum:
    precision: 0.16731760376452523
    recall: 0.16805324578641884
  Körperschaft:
    precision: 0.08176505602240897
    recall: 0.09041826371826372
  Werk:
    precision: 0.04919799498746867
    recall: 0.04803905367815142
  Person (individualisiert):
    precision: 0.05658227068317625
    recall: 0.050704326577547795
  null:
    precision: 0.0
    recall: 0.0
  Konferenz:
    precision: 0.0625
    recall: 0.0625
avg_no_preds: 4.614808652246256
bertscore:
  precision: 0.7431739037482337
  recall: 0.7593538339500164
  f1: 0.7498781730223643
meteor: 0.11420262351973283
rouge:
  rouge1: 0.24171255144805578
  rouge2: 0.05840515281620262
  rougeL: 0.20914469164565683
  rougeLsum: 0.21085889265018307
similarity_to_title:
  not-similar: 0.033126293995859216
  somewhat-similar: 0.1416173997938927
  similar: 0.42651458489154825
  very-similar: 0.6905444126074498
