recall: 0.3182970499402147
precision: 0.19624110043351783
f1: 0.2192125153292079
jaccard: 0.10960625766460395
weighted_precision: 0.2506920322094943
recall@1: 0.17592110534527933
precision@1: 0.4223912526741146
f1@1: 0.22667333129063577
recall@3: 0.29155358469247084
precision@3: 0.26160763806354487
f1@3: 0.24892669497354966
recall@5: 0.31691297162780263
precision@5: 0.20284644639885904
f1@5: 0.2239641019266566
recall@10: 0.3182970499402147
precision@10: 0.19624110043351783
f1@10: 0.2192125153292079
label_frequencies:
  0:
    precision: 0.043405501516577766
    recall: 0.04447756510825227
    support: 813
  10:
    precision: 0.08450361879911782
    recall: 0.08715831081290965
    support: 2665
  100:
    precision: 0.13738510422545194
    recall: 0.14056464959241588
    support: 4934
  1000:
    precision: 0.23461525758728263
    recall: 0.22293041748916148
    support: 2752
  10000:
    precision: 0.32485905618719696
    recall: 0.2842048651530052
    support: 216
  100000:
    precision: 0.37109677419354836
    recall: 0.18191826014612913
    support: 5
entity_types:
  Sachbegriff:
    precision: 0.12985982439749252
    recall: 0.12953852430646856
  Geografikum:
    precision: 0.15542537447157867
    recall: 0.1532713903409221
  Werk:
    precision: 0.043867924528301884
    recall: 0.04507567903794319
  Körperschaft:
    precision: 0.07753799744749972
    recall: 0.08201299739761278
  Person (individualisiert):
    precision: 0.04311268209083119
    recall: 0.04298771779491574
  null:
    precision: 0.0
    recall: 0.0
  Konferenz:
    precision: 0.058823529411764705
    recall: 0.058823529411764705
avg_no_preds: 4.622652721654386
bertscore:
  precision: 0.7432703294067166
  recall: 0.7592904578344483
  f1: 0.7499151106455391
meteor: 0.11500445504055118
rouge:
  rouge1: 0.24208837421011487
  rouge2: 0.05798440210899558
  rougeL: 0.20843946888171697
  rougeLsum: 0.21003496999834045
similarity_to_title:
  not-similar: 0.037267080745341616
  somewhat-similar: 0.13776644790367196
  similar: 0.42539267015706805
  very-similar: 0.7191977077363897
