recall: 0.3993738923145445
precision: 0.24686802667194824
f1: 0.27587482533987284
jaccard: 0.13793741266993642
weighted_precision: 0.30517973683651706
recall@1: 0.19940433666815127
precision@1: 0.4819964349376114
f1@1: 0.25714886420768773
recall@3: 0.35368252090124797
precision@3: 0.32392552980788275
f1@3: 0.30564888084548353
recall@5: 0.3961610448860108
precision@5: 0.2556268568033274
f1@5: 0.2817058644051575
recall@10: 0.3993738923145445
precision@10: 0.24686802667194824
f1@10: 0.27587482533987284
label_frequencies:
  0:
    precision: 0.054751605715034735
    recall: 0.05495477782147071
    support: 813
  1:
    precision: 0.07688288288288288
    recall: 0.07720720720720721
    support: 704
  10:
    precision: 0.13509312646991883
    recall: 0.1373574336797916
    support: 1962
  100:
    precision: 0.19402668160771944
    recall: 0.19683495132001838
    support: 4935
  1000:
    precision: 0.303811182125073
    recall: 0.3035481795197378
    support: 2752
  .inf:
    precision: 0.347577548547824
    recall: 0.35297947352250547
    support: 221
entity_types:
  Sachbegriff:
    precision: 0.1737828286532058
    recall: 0.17640981099505745
  Geografikum:
    precision: 0.2104722693292519
    recall: 0.20731383162112388
  Person (individualisiert):
    precision: 0.18589316254315544
    recall: 0.1752505582385626
  Werk:
    precision: 0.06292690711777849
    recall: 0.06443314638335385
  Körperschaft:
    precision: 0.12361294100424536
    recall: 0.12187830122612732
  Konferenz:
    precision: 0.0
    recall: 0.0
  null:
    precision: 0.0
    recall: 0.0
avg_no_preds: 4.770528817587641
bertscore:
  precision: 0.7540894028053918
  recall: 0.7700505882731804
  f1: 0.7605918183683712
meteor: 0.1293289073834532
rouge:
  rouge1: 0.27564727304176473
  rouge2: 0.07117906392027126
  rougeL: 0.23617435948931104
  rougeLsum: 0.23639025105391898
similarity_to_title:
  not-similar: 0.016270337922403004
  somewhat-similar: 0.15247401892353032
  similar: 0.4913582078480825
  very-similar: 0.707256046705588
