recall: 0.31169716196404906
precision: 0.19627699110703628
f1: 0.21699812924581316
jaccard: 0.10849906462290658
weighted_precision: 0.24004195956506408
recall@1: 0.17110227674762973
precision@1: 0.41395293558355123
f1@1: 0.22090863405933528
recall@3: 0.2869554539058447
precision@3: 0.2592108390777276
f1@3: 0.24576936557913642
recall@5: 0.3098321674914958
precision@5: 0.20206798193487047
f1@5: 0.22092970315835828
recall@10: 0.31169716196404906
precision@10: 0.19627699110703628
f1@10: 0.21699812924581316
label_frequencies:
  0:
    precision: 0.0400879917184265
    recall: 0.0416407867494824
    support: 3220
  10:
    precision: 0.08157156325760977
    recall: 0.08389190685702314
    support: 6364
  100:
    precision: 0.14460849476454185
    recall: 0.145883398285165
    support: 7072
  1000:
    precision: 0.24568289220663858
    recall: 0.22101374395536344
    support: 3117
  10000:
    precision: 0.3345274331988107
    recall: 0.268669373443919
    support: 221
  100000:
    precision: 0.46608524531508566
    recall: 0.24018873258209947
    support: 5
entity_types:
  Sachbegriff:
    precision: 0.13221248667580235
    recall: 0.12900923625327154
  Geografikum:
    precision: 0.16349427247306128
    recall: 0.15524551340878745
  Person (individualisiert):
    precision: 0.040490887713109935
    recall: 0.036853321575543795
  Werk:
    precision: 0.04749262536873156
    recall: 0.045528218094589776
  Körperschaft:
    precision: 0.07034204534204534
    recall: 0.07477042679745383
  null:
    precision: 0.0
    recall: 0.0
  Konferenz:
    precision: 0.05
    recall: 0.05
avg_no_preds: 4.534347516044687
bertscore:
  precision: 0.7383511140181045
  recall: 0.7604190195247174
  f1: 0.7480972988718276
meteor: 0.11159229181917323
rouge:
  rouge1: 0.23352524075736042
  rouge2: 0.0548958883754829
  rougeL: 0.20367856746211374
  rougeLsum: 0.20551281765398222
