recall: 0.31238045808055176
precision: 0.1973286208548866
f1: 0.2182409316063991
jaccard: 0.10912046580319953
weighted_precision: 0.24114007442184876
recall@1: 0.1723165215261721
precision@1: 0.4183503684335631
f1@1: 0.22277198213138313
recall@3: 0.28625162197726833
precision@3: 0.2586958244196181
f1@3: 0.24558312817652808
recall@5: 0.31045684060250117
precision@5: 0.20313762776325173
f1@5: 0.22214079136693002
recall@10: 0.31238045808055176
precision@10: 0.1973286208548866
f1@10: 0.2182409316063991
label_frequencies:
  0:
    precision: 0.04279771190847634
    recall: 0.043967758710348415
    support: 813
  10:
    precision: 0.08323661758481656
    recall: 0.08476197901583836
    support: 2665
  100:
    precision: 0.1446951884314237
    recall: 0.14576216865072206
    support: 4934
  1000:
    precision: 0.23888818613035656
    recall: 0.21556173170856807
    support: 2752
  10000:
    precision: 0.34321672775074075
    recall: 0.28470785553473366
    support: 216
  100000:
    precision: 0.38978756655581603
    recall: 0.1673610992396571
    support: 5
entity_types:
  Sachbegriff:
    precision: 0.13207949764781068
    recall: 0.12883413231303562
  Geografikum:
    precision: 0.15847330042635774
    recall: 0.1483762449420763
  Werk:
    precision: 0.043586443586443584
    recall: 0.04371184371184371
  Körperschaft:
    precision: 0.07238452933939343
    recall: 0.07672783135210881
  Person (individualisiert):
    precision: 0.050799827064418504
    recall: 0.04654849401931114
  null:
    precision: 0.0
    recall: 0.0
  Konferenz:
    precision: 0.06666666666666667
    recall: 0.06666666666666667
avg_no_preds: 4.528405039220347
bertscore:
  precision: 0.7388122993217445
  recall: 0.7607972938288468
  f1: 0.74851409233407
meteor: 0.11281758082850793
rouge:
  rouge1: 0.23413956123399032
  rouge2: 0.0546986534575125
  rougeL: 0.20405804606094824
  rougeLsum: 0.20634127741337135
similarity_to_title:
  not-similar: 0.026915113871635612
  somewhat-similar: 0.13293919835114174
  similar: 0.424738219895288
  very-similar: 0.6876790830945558
