recall: 0.31056144618659476
precision: 0.19534435238321618
f1: 0.21647999890879405
jaccard: 0.10823999945439702
weighted_precision: 0.23919110420686493
recall@1: 0.1712995489706923
precision@1: 0.4152602804849061
f1@1: 0.22131061039428046
recall@3: 0.2857357031025916
precision@3: 0.2577846446398859
f1@3: 0.24470125919653318
recall@5: 0.30862882066827874
precision@5: 0.20079827272006973
f1@5: 0.22007409955744076
recall@10: 0.31056144618659476
precision@10: 0.19534435238321618
f1@10: 0.21647999890879405
label_frequencies:
  0:
    precision: 0.04289253638897492
    recall: 0.04384742438319397
    support: 813
  10:
    precision: 0.08135656876372072
    recall: 0.0840520254834771
    support: 2665
  100:
    precision: 0.14180114570364274
    recall: 0.14327782479449397
    support: 4934
  1000:
    precision: 0.24395508896613044
    recall: 0.21641565030378343
    support: 2752
  10000:
    precision: 0.3474677661803498
    recall: 0.2817574360154749
    support: 216
  100000:
    precision: 0.376859010270775
    recall: 0.17842075224304413
    support: 5
entity_types:
  Sachbegriff:
    precision: 0.1293778493644208
    recall: 0.1259145864418197
  Geografikum:
    precision: 0.17228425635125608
    recall: 0.16108794580620042
  Person (individualisiert):
    precision: 0.05707663334781979
    recall: 0.05258583224684919
  Werk:
    precision: 0.05187924190037137
    recall: 0.05201398358332665
  Körperschaft:
    precision: 0.07822466030386822
    recall: 0.08290834488854291
  null:
    precision: 0.0
    recall: 0.0
  Konferenz:
    precision: 0.0625
    recall: 0.0625
avg_no_preds: 4.515450439743285
bertscore:
  precision: 0.738455131681849
  recall: 0.7606752238138742
  f1: 0.7482659442070009
meteor: 0.1120317275027001
rouge:
  rouge1: 0.23266569385580885
  rouge2: 0.054360575572646765
  rougeL: 0.2028664089608635
  rougeLsum: 0.20488437430574258
