recall: 0.4044994327197308
precision: 0.48179225101022105
f1: 0.4139686030874681
jaccard: 0.20698430154373404
weighted_precision: 0.5312166774248401
recall@1: 0.26185153950188417
precision@1: 0.6014975041597338
f1@1: 0.33241614775368045
recall@3: 0.3887594451500546
precision@3: 0.4993067110371603
f1@3: 0.4119584037843521
recall@5: 0.40448622721567673
precision@5: 0.4817843277077886
f1@5: 0.4139561521836457
recall@10: 0.4044994327197308
precision@10: 0.48179225101022105
f1@10: 0.4139686030874681
label_frequencies:
  0:
    precision: 0.11192570869990225
    recall: 0.11082600195503421
    support: 1364
  10:
    precision: 0.13480660463419084
    recall: 0.12885943649490447
    support: 3654
  100:
    precision: 0.21502845518735883
    recall: 0.18615983705982123
    support: 5947
  1000:
    precision: 0.3327054225902859
    recall: 0.2914058015837338
    support: 3091
  10000:
    precision: 0.41257481877081087
    recall: 0.43176742455977757
    support: 224
  100000:
    precision: 0.3717277737838485
    recall: 0.44257636896033065
    support: 5
entity_types:
  Sachbegriff:
    precision: 0.20250295396407836
    recall: 0.17897373031861374
  Geografikum:
    precision: 0.31370535130721156
    recall: 0.3033453483974543
  Person (individualisiert):
    precision: 0.37213562276979034
    recall: 0.34687300227145984
  Werk:
    precision: 0.13454887218045114
    recall: 0.13412859070753808
  Körperschaft:
    precision: 0.16753524103785772
    recall: 0.15173658945335247
  Konferenz:
    precision: 0.2857142857142857
    recall: 0.2857142857142857
  null:
    precision: 0.0
    recall: 0.0
avg_no_preds: 2.738174471119563
bertscore:
  precision: 0.8411521786517929
  recall: 0.8195625987760182
  f1: 0.8290673685181529
meteor: 0.37162260547599685
rouge:
  rouge1: 0.4448151226896926
  rouge2: 0.19027947776178905
  rougeL: 0.422121090872663
  rougeLsum: 0.42218048898672256
