recall: 0.36973210214237073
precision: 0.4588902283043001
f1: 0.3859146569665802
jaccard: 0.1929573284832901
weighted_precision: 0.5061690736707697
recall@1: 0.2529282073999212
precision@1: 0.5773710482529119
f1@1: 0.32037082968269087
recall@3: 0.35981423694758613
precision@3: 0.4734965533634419
f1@3: 0.38568729420565995
recall@5: 0.36969380618061387
precision@5: 0.459200934949687
f1@5: 0.38605618012925863
recall@10: 0.36973210214237073
precision@10: 0.4588902283043001
f1@10: 0.3859146569665802
label_frequencies:
  0:
    precision: 0.11318051575931232
    recall: 0.11055396370582617
    support: 813
  10:
    precision: 0.12967185264663805
    recall: 0.12259839737039308
    support: 2665
  100:
    precision: 0.18650752117242111
    recall: 0.16326260559577963
    support: 4934
  1000:
    precision: 0.30913270730774833
    recall: 0.24778049499397778
    support: 2752
  10000:
    precision: 0.3885979731848737
    recall: 0.3773700989636207
    support: 216
  100000:
    precision: 0.33905203496591146
    recall: 0.4300490821652442
    support: 5
entity_types:
  Sachbegriff:
    precision: 0.18277678124597319
    recall: 0.15596163040557176
  Geografikum:
    precision: 0.27118107449592754
    recall: 0.26189253618629843
  Person (individualisiert):
    precision: 0.35553767606333314
    recall: 0.33070869009542353
  Werk:
    precision: 0.14193196004993758
    recall: 0.13211764826933367
  Körperschaft:
    precision: 0.16269369313596008
    recall: 0.15718010107214653
  null:
    precision: 0.0
    recall: 0.0
  Konferenz:
    precision: 0.3333333333333333
    recall: 0.3333333333333333
avg_no_preds: 2.621701925362491
bertscore:
  precision: 0.8322182113877209
  recall: 0.8037215859115846
  f1: 0.8164409076498783
meteor: 0.32493850656723183
rouge:
  rouge1: 0.4129233832409098
  rouge2: 0.16189348336030046
  rougeL: 0.38410870456725477
  rougeLsum: 0.38434780830956383
similarity_to_title:
  not-similar: 0.19254658385093168
  somewhat-similar: 0.20485979280794056
  similar: 0.40463724756918473
  very-similar: 0.7306590257879656
