recall: 0.31356216336256604
precision: 0.19751090397334753
f1: 0.21878251087932027
jaccard: 0.10939125543966013
weighted_precision: 0.24040208578732028
recall@1: 0.17136015280179767
precision@1: 0.4193011647254576
f1@1: 0.22195978954357848
recall@3: 0.28731684178506
precision@3: 0.2621424609777355
f1@3: 0.24763073559984172
recall@5: 0.3119512877737965
precision@5: 0.20383685920291578
f1@5: 0.22308937404201012
recall@10: 0.31356216336256604
precision@10: 0.19751090397334753
f1@10: 0.21878251087932027
label_frequencies:
  0:
    precision: 0.04236296913607322
    recall: 0.04382867669634633
    support: 813
  10:
    precision: 0.08606975569834056
    recall: 0.08840904172356923
    support: 2665
  100:
    precision: 0.14152807308263457
    recall: 0.14365004780820917
    support: 4934
  1000:
    precision: 0.24651917516042549
    recall: 0.223339313113909
    support: 2752
  10000:
    precision: 0.33180866991455554
    recall: 0.2843086953384532
    support: 216
  100000:
    precision: 0.3781564925529683
    recall: 0.16870676468069423
    support: 5
entity_types:
  Sachbegriff:
    precision: 0.13208856728304771
    recall: 0.12958486418821732
  Geografikum:
    precision: 0.1736244787656865
    recall: 0.16678979754714068
  Person (individualisiert):
    precision: 0.05389394596156625
    recall: 0.050835621056687375
  Werk:
    precision: 0.03653025357770525
    recall: 0.03650450311258747
  Körperschaft:
    precision: 0.07511789181692094
    recall: 0.07942781263169613
  null:
    precision: 0.0
    recall: 0.0
  Konferenz:
    precision: 0.0625
    recall: 0.0625
avg_no_preds: 4.596030425481341
bertscore:
  precision: 0.73844325336306
  recall: 0.7606666258757432
  f1: 0.7482643405558634
meteor: 0.11194205795896726
rouge:
  rouge1: 0.2340196914974278
  rouge2: 0.054480753429857906
  rougeL: 0.20329610856663066
  rougeLsum: 0.20472025528131776
