recall: 0.3793520607602604
precision: 0.28661205896500014
f1: 0.29948394245307103
jaccard: 0.1497419712265355
weighted_precision: 0.33491209206215644
recall@1: 0.2022691275186819
precision@1: 0.4879382055852644
f1@1: 0.26105598567274146
recall@3: 0.34883458523387223
precision@3: 0.3295702119231531
f1@3: 0.30867487083225786
recall@5: 0.37815988263403594
precision@5: 0.28870469399881166
f1@5: 0.30043359603841496
recall@10: 0.3793520607602604
precision@10: 0.28661205896500014
f1@10: 0.29948394245307103
label_frequencies:
  0:
    precision: 0.05007587253414264
    recall: 0.04966489630753667
    support: 813
  1:
    precision: 0.06400767543859649
    recall: 0.06505847953216375
    support: 704
  10:
    precision: 0.12668817883990593
    recall: 0.1244443538191754
    support: 1962
  100:
    precision: 0.18717278881961516
    recall: 0.17829357135831994
    support: 4935
  1000:
    precision: 0.3066494044045399
    recall: 0.27219642241507874
    support: 2752
  .inf:
    precision: 0.4012402143786292
    recall: 0.3895804199410012
    support: 221
entity_types:
  Sachbegriff:
    precision: 0.17423407741100816
    recall: 0.1645260559824948
  Geografikum:
    precision: 0.20494558153908085
    recall: 0.19516728001617692
  Person (individualisiert):
    precision: 0.08480922918277907
    recall: 0.06726067715046834
  Werk:
    precision: 0.06672506651093375
    recall: 0.06276913664493965
  Körperschaft:
    precision: 0.10228281455862978
    recall: 0.09708400099704448
  null:
    precision: 0.0
    recall: 0.0
  Konferenz:
    precision: 0.03571428571428571
    recall: 0.03571428571428571
avg_no_preds: 3.9439096850861555
bertscore:
  precision: 0.6570255140180186
  recall: 0.7325898139234532
  f1: 0.6913347995004977
meteor: 0.029274679761158603
rouge:
  rouge1: 0.33154285822430773
  rouge2: 0.10989710650155285
  rougeL: 0.29176133116619685
  rougeLsum: 0.2918564314111366
similarity_to_title:
  not-similar: 0.10766045548654245
  somewhat-similar: 0.20120396984652097
  similar: 0.4667289719626168
  very-similar: 0.670487106017192
