recall: 0.3868665207881011
precision: 0.311925491973626
f1: 0.3182582864078046
jaccard: 0.1591291432039023
weighted_precision: 0.35842846502531095
recall@1: 0.1987444275500596
precision@1: 0.4813406227715712
f1@1: 0.25666111283534626
recall@3: 0.34152848356451593
precision@3: 0.3559345535219079
f1@3: 0.3199976796547288
recall@5: 0.3806107941704776
precision@5: 0.3175065367245068
f1@5: 0.3192860690806857
recall@10: 0.38684823624402614
precision@10: 0.31193197467561623
f1@10: 0.3182535556578037
label_frequencies:
  0:
    precision: 0.07359591539022611
    recall: 0.0723924142961342
    support: 813
  10:
    precision: 0.1301856727171955
    recall: 0.12803196157221375
    support: 2665
  100:
    precision: 0.21270212406249864
    recall: 0.19970917128349613
    support: 4934
  1000:
    precision: 0.3138842246813077
    recall: 0.28752292514164635
    support: 2752
  10000:
    precision: 0.40015608614441345
    recall: 0.3963238018352682
    support: 216
  100000:
    precision: 0.3479930638467224
    recall: 0.30920316405837406
    support: 5
entity_types:
  Sachbegriff:
    precision: 0.19091630690734482
    recall: 0.18133982232820905
  Geografikum:
    precision: 0.258755174981882
    recall: 0.2512561232478743
  Person (individualisiert):
    precision: 0.23636039886039886
    recall: 0.20035861258083482
  Werk:
    precision: 0.08932093547478163
    recall: 0.08264227554168382
  Körperschaft:
    precision: 0.1263673339331234
    recall: 0.12260599760599761
  null:
    precision: 0.0
    recall: 0.0
  Konferenz:
    precision: 0.125
    recall: 0.125
avg_no_preds: 3.8829332065604945
bertscore:
  precision: 0.7916420295087181
  recall: 0.8036897647173976
  f1: 0.7960316340955046
meteor: 0.3075936031148254
rouge:
  rouge1: 0.3361548709402633
  rouge2: 0.11178164671013163
  rougeL: 0.29073564454669076
  rougeLsum: 0.29097528477892654
similarity_to_title:
  not-similar: 0.10351966873706005
  somewhat-similar: 0.22123989803113306
  similar: 0.4908376963350785
  very-similar: 0.6790830945558739
