recall: 0.3794680588803479
precision: 0.4504039469365117
f1: 0.3883476452132665
jaccard: 0.19417382260663324
weighted_precision: 0.49760434387391966
recall@1: 0.25186818272449363
precision@1: 0.5745186593772285
f1@1: 0.319020527316225
recall@3: 0.3665619840239522
precision@3: 0.469832025988432
f1@3: 0.3889160089449523
recall@5: 0.3791255647002022
precision@5: 0.45078638776642105
f1@5: 0.3884036604285401
recall@10: 0.3794680588803479
precision@10: 0.4504039469365117
f1@10: 0.3883476452132665
label_frequencies:
  0:
    precision: 0.09619450317124736
    recall: 0.09449142588677473
    support: 813
  10:
    precision: 0.11182093002578465
    recall: 0.10703870238412783
    support: 2665
  100:
    precision: 0.1843466359027066
    recall: 0.16126278341360925
    support: 4934
  1000:
    precision: 0.3117706100602227
    recall: 0.2606934530443212
    support: 2752
  10000:
    precision: 0.3832603589672143
    recall: 0.39909165508327393
    support: 216
  100000:
    precision: 0.34006025727515643
    recall: 0.4370666186357961
    support: 5
entity_types:
  Sachbegriff:
    precision: 0.17855463864251703
    recall: 0.15558390912572367
  Geografikum:
    precision: 0.2742520949478448
    recall: 0.2650879725333185
  Person (individualisiert):
    precision: 0.33796927747513017
    recall: 0.3105641850918929
  Werk:
    precision: 0.08712434518886132
    recall: 0.08591243330697425
  Körperschaft:
    precision: 0.14432636732229123
    recall: 0.13956920111811416
  null:
    precision: 0.0
    recall: 0.0
  Konferenz:
    precision: 0.0
    recall: 0.0
avg_no_preds: 2.774898977893986
bertscore:
  precision: 0.8301840082558312
  recall: 0.805229370423159
  f1: 0.8162934165443523
meteor: 0.3326272097010221
rouge:
  rouge1: 0.4138161273231099
  rouge2: 0.16151272243760215
  rougeL: 0.384112986366889
  rougeLsum: 0.38428955448737634
similarity_to_title:
  not-similar: 0.20496894409937888
  somewhat-similar: 0.22102294299506428
  similar: 0.40594614809274493
  very-similar: 0.6475644699140402
