recall: 0.3766466086141627
precision: 0.4491991805041484
f1: 0.386385914278677
jaccard: 0.1931929571393385
weighted_precision: 0.4953586406343683
recall@1: 0.2507623401609615
precision@1: 0.5774898977893986
f1@1: 0.3188594287417677
recall@3: 0.36368185633398376
precision@3: 0.4667023215276127
f1@3: 0.386067230475185
recall@5: 0.3764722959606487
precision@5: 0.44956818001743126
f1@5: 0.38648337294626356
recall@10: 0.3766466086141627
precision@10: 0.4491991805041484
f1@10: 0.386385914278677
label_frequencies:
  0:
    precision: 0.09143268538516919
    recall: 0.08999280057595392
    support: 813
  10:
    precision: 0.10921111408916287
    recall: 0.10425393421909102
    support: 2665
  100:
    precision: 0.18894111212983963
    recall: 0.16511846775153247
    support: 4934
  1000:
    precision: 0.3138614636547237
    recall: 0.26124511292655234
    support: 2752
  10000:
    precision: 0.3783231160190116
    recall: 0.3874684168026119
    support: 216
  100000:
    precision: 0.33129833779370965
    recall: 0.4480897034316719
    support: 5
entity_types:
  Sachbegriff:
    precision: 0.18120755628867904
    recall: 0.15716827074727777
  Geografikum:
    precision: 0.2724986304562947
    recall: 0.26787642788688804
  Werk:
    precision: 0.07912718920470858
    recall: 0.07401018447530075
  Person (individualisiert):
    precision: 0.3172036708170378
    recall: 0.2936162441759457
  Körperschaft:
    precision: 0.15143428541453563
    recall: 0.14013138328780786
  null:
    precision: 0.0
    recall: 0.0
  Konferenz:
    precision: 0.08333333333333333
    recall: 0.08333333333333333
avg_no_preds: 2.726764915616829
bertscore:
  precision: 0.8303014563251794
  recall: 0.8052920589742849
  f1: 0.8163685145855857
meteor: 0.3322015198559685
rouge:
  rouge1: 0.4104401408613686
  rouge2: 0.16147727518149005
  rougeL: 0.3807261166833016
  rougeLsum: 0.3807102263432671
similarity_to_title:
  not-similar: 0.19254658385093168
  somewhat-similar: 0.21896187015241092
  similar: 0.40407629020194463
  very-similar: 0.664756446991404
