recall: 0.43509318046399104
precision: 0.11371523651057762
f1: 0.16799535334244134
jaccard: 0.08399767667122067
weighted_precision: 0.14593209510850408
recall@1: 0.22070332475015147
precision@1: 0.48977893986213455
f1@1: 0.27685775387225353
recall@3: 0.33972225018992314
precision@3: 0.2777909832818318
f1@3: 0.2752528498803964
recall@5: 0.38963557967004603
precision@5: 0.19738531019729025
f1@5: 0.2385341742772617
recall@10: 0.43509318046399104
precision@10: 0.11371523651057762
f1@10: 0.16799535334244134
label_frequencies:
  0:
    precision: 0.026494339074676056
    recall: 0.03091549234288508
    support: 813
  10:
    precision: 0.041568476268009566
    recall: 0.052241295174437534
    support: 2665
  100:
    precision: 0.1473571235392324
    recall: 0.19081542317999656
    support: 4934
  1000:
    precision: 0.3118242956665429
    recall: 0.29867002499480527
    support: 2752
  10000:
    precision: 0.4995880560229065
    recall: 0.18594180386186512
    support: 216
  100000:
    precision: 0.55
    recall: 0.015794789922337155
    support: 5
entity_types:
  Sachbegriff:
    precision: 0.0862346385024297
    recall: 0.10320466426429466
  Geografikum:
    precision: 0.10937322075381777
    recall: 0.0810333971096123
  Person (individualisiert):
    precision: 0.08261314213420508
    recall: 0.07966105617064985
  Werk:
    precision: 0.051737531874518176
    recall: 0.06095692739528356
  null:
    precision: 0.0
    recall: 0.0
  Konferenz:
    precision: 0.022900763358778626
    recall: 0.022900763358778626
  Körperschaft:
    precision: 0.06142216732994831
    recall: 0.06520245684510814
avg_no_preds: 10.0
similarity_to_title:
  not-similar: 0.055900621118012424
  somewhat-similar: 0.1598416228236698
  similar: 0.5822737471952132
  very-similar: 0.9512893982808023
