recall: 0.30455100356158116
precision: 0.34985058915413086
f1: 0.30612310729943254
jaccard: 0.15306155364971627
weighted_precision: 0.3972684260349496
recall@1: 0.2181119315805553
precision@1: 0.49417637271214643
f1@1: 0.27610250194039115
recall@3: 0.2964565041698391
precision@3: 0.37043419697329844
f1@3: 0.3105505606087619
recall@5: 0.30440310191617537
precision@5: 0.3502535456778385
f1@5: 0.306299793249829
recall@10: 0.30455100356158116
precision@10: 0.34985058915413086
f1@10: 0.30612310729943254
label_frequencies:
  0:
    precision: 0.03148148148148148
    recall: 0.030617283950617285
    support: 813
  1:
    precision: 0.0316622691292876
    recall: 0.030782761653474055
    support: 704
  10:
    precision: 0.047192783245016405
    recall: 0.04536996984006825
    support: 1961
  100:
    precision: 0.0942926680796737
    recall: 0.08409032320945097
    support: 4934
  1000:
    precision: 0.22554373250537463
    recall: 0.18875518288044096
    support: 2752
  .inf:
    precision: 0.34649155572230145
    recall: 0.3658725532834739
    support: 221
entity_types:
  Sachbegriff:
    precision: 0.10514214972667094
    recall: 0.09348315075552352
  Geografikum:
    precision: 0.14812579252291486
    recall: 0.11799516038062088
  Werk:
    precision: 0.05186521411054518
    recall: 0.0517743904840679
  Person (individualisiert):
    precision: 0.16383355467020805
    recall: 0.13926814786708544
  Körperschaft:
    precision: 0.061356518658749894
    recall: 0.06480135945376587
  Konferenz:
    precision: 0.0
    recall: 0.0
  null:
    precision: 0.0
    recall: 0.0
avg_no_preds: 2.970881863560732
bertscore:
  precision: 0.8039972794673662
  recall: 0.7841036073564208
  f1: 0.7927766174949318
meteor: 0.28712498668713254
rouge:
  rouge1: 0.3269765278410015
  rouge2: 0.11487473929582144
  rougeL: 0.30882764362546067
  rougeLsum: 0.30911928627416635
similarity_to_title:
  not-similar: 0.18219461697722567
  somewhat-similar: 0.17757769702229212
  similar: 0.30039267015706805
  very-similar: 0.5386819484240688
