recall: 0.29778380562437945
precision: 0.34387358936919193
f1: 0.30012604669916015
jaccard: 0.15006302334958008
weighted_precision: 0.39127742285163364
recall@1: 0.212616282196219
precision@1: 0.4875207986688852
f1@1: 0.27014629653683614
recall@3: 0.2893995324879076
precision@3: 0.36363996513746927
f1@3: 0.303794368939645
recall@5: 0.29760241859369363
precision@5: 0.3440892163853894
f1@5: 0.30017013503639434
recall@10: 0.29778380562437945
precision@10: 0.34387358936919193
f1@10: 0.30012604669916015
label_frequencies:
  0:
    precision: 0.033650329188002925
    recall: 0.03279687881004633
    support: 813
  1:
    precision: 0.02412280701754386
    recall: 0.02412280701754386
    support: 704
  10:
    precision: 0.046031746031746035
    recall: 0.04302040816326531
    support: 1961
  100:
    precision: 0.09536946430217708
    recall: 0.0876428747536014
    support: 4934
  1000:
    precision: 0.22809308272364157
    recall: 0.18652359405801988
    support: 2752
  .inf:
    precision: 0.3381278479647526
    recall: 0.3524499783225691
    support: 221
entity_types:
  Sachbegriff:
    precision: 0.1047600710858497
    recall: 0.09288014537044081
  Geografikum:
    precision: 0.15345010657613972
    recall: 0.13074576469804453
  Person (individualisiert):
    precision: 0.16081170081038274
    recall: 0.13155837381189495
  Werk:
    precision: 0.043304919879178824
    recall: 0.04563930412494381
  Körperschaft:
    precision: 0.07458732220522192
    recall: 0.07826087968133423
  Konferenz:
    precision: 0.08333333333333333
    recall: 0.08333333333333333
  null:
    precision: 0.0
    recall: 0.0
avg_no_preds: 2.948062752555265
bertscore:
  precision: 0.8026483734245676
  recall: 0.7826862323941542
  f1: 0.7914000330145297
meteor: 0.2829569814066657
rouge:
  rouge1: 0.3213920003433941
  rouge2: 0.11215272140829535
  rougeL: 0.3022986489952786
  rougeLsum: 0.3021473015876075
similarity_to_title:
  not-similar: 0.18012422360248448
  somewhat-similar: 0.17497423658946684
  similar: 0.29655946148092743
  very-similar: 0.5272206303724928
