recall: 0.34090513411264173
precision: 0.26057295645530937
f1: 0.27087411821593926
jaccard: 0.13543705910796963
weighted_precision: 0.3094092674049057
recall@1: 0.1815329966132105
precision@1: 0.4499108734402852
f1@1: 0.2363296715168373
recall@3: 0.3130540675717356
precision@3: 0.3024163200633789
f1@3: 0.28037686165189574
recall@5: 0.3398856960343801
precision@5: 0.2628441275500099
f1@5: 0.27192835579860075
recall@10: 0.34090513411264173
precision@10: 0.26057295645530937
f1@10: 0.27087411821593926
label_frequencies:
  0:
    precision: 0.04319955406911929
    recall: 0.044000836120401336
    support: 813
  1:
    precision: 0.058347692896802604
    recall: 0.05829982768523837
    support: 704
  10:
    precision: 0.11004273504273504
    recall: 0.1112026862026862
    support: 1962
  100:
    precision: 0.16637778003587558
    recall: 0.1593143958578688
    support: 4935
  1000:
    precision: 0.27339471572324875
    recall: 0.25677475676536987
    support: 2752
  .inf:
    precision: 0.348226643859974
    recall: 0.3642847864849544
    support: 221
entity_types:
  Sachbegriff:
    precision: 0.15758693715280792
    recall: 0.15194707726504755
  Geografikum:
    precision: 0.21014703601134294
    recall: 0.21877621939328953
  Werk:
    precision: 0.046564885496183206
    recall: 0.046818639375891286
  Person (individualisiert):
    precision: 0.04877536003363818
    recall: 0.04109026244787834
  Körperschaft:
    precision: 0.07873292948615761
    recall: 0.07245015737662797
  Konferenz:
    precision: 0.05263157894736842
    recall: 0.05263157894736842
  null:
    precision: 0.0
    recall: 0.0
avg_no_preds: 3.9553178847296495
bertscore:
  precision: 0.797074948275153
  recall: 0.8017689301864207
  f1: 0.7978079122726364
meteor: 0.3121350074753477
rouge:
  rouge1: 0.353140052920953
  rouge2: 0.12254713099445677
  rougeL: 0.30974560883735486
  rougeLsum: 0.30957946583633256
similarity_to_title:
  not-similar: 0.03571428571428571
  somewhat-similar: 0.15250511634957933
  similar: 0.38043564356435644
  very-similar: 0.5580266882329155
