recall: 0.2998700969553121
precision: 0.36036962205847395
f1: 0.30722574330209695
jaccard: 0.15361287165104848
weighted_precision: 0.40832808754087524
recall@1: 0.22127552181331597
precision@1: 0.49595911575944857
f1@1: 0.2790982820100957
recall@3: 0.2923716730407959
precision@3: 0.377723635211156
f1@3: 0.310443800642559
recall@5: 0.2998007680590281
precision@5: 0.36064693764360983
f1@5: 0.30737023450211187
recall@10: 0.2998700969553121
precision@10: 0.36036962205847395
f1@10: 0.30722574330209695
label_frequencies:
  0:
    precision: 0.03895131086142322
    recall: 0.0373729266987694
    support: 813
  1:
    precision: 0.03009883198562444
    recall: 0.027702905061395628
    support: 704
  10:
    precision: 0.053065883887801694
    recall: 0.0504547572453639
    support: 1961
  100:
    precision: 0.10018990821038928
    recall: 0.08798489341094723
    support: 4934
  1000:
    precision: 0.21667836748109326
    recall: 0.17920036989596497
    support: 2752
  .inf:
    precision: 0.3353687060152607
    recall: 0.34171597578190926
    support: 221
entity_types:
  Sachbegriff:
    precision: 0.10767610226636778
    recall: 0.09398675746577137
  Geografikum:
    precision: 0.14791529231736214
    recall: 0.1295673407697906
  Werk:
    precision: 0.04909943251912164
    recall: 0.045472015031600525
  Person (individualisiert):
    precision: 0.1656619792454204
    recall: 0.14013189867006168
  Körperschaft:
    precision: 0.07440677844035376
    recall: 0.07127919455505663
  Konferenz:
    precision: 0.0
    recall: 0.0
  null:
    precision: 0.0
    recall: 0.0
avg_no_preds: 2.8295697646779177
bertscore:
  precision: 0.8057617614480076
  recall: 0.7805257048152364
  f1: 0.7917807389954815
meteor: 0.27853159205659067
rouge:
  rouge1: 0.3270651558262823
  rouge2: 0.11318828274716214
  rougeL: 0.31038264606177324
  rougeLsum: 0.3103263043457621
similarity_to_title:
  not-similar: 0.15527950310559005
  somewhat-similar: 0.1709605684221945
  similar: 0.29534405385190726
  very-similar: 0.5329512893982808
