recall: 0.29595569532282157
precision: 0.3572707618821239
f1: 0.30405396010563684
jaccard: 0.15202698005281842
weighted_precision: 0.40615316853701233
recall@1: 0.21568113270930006
precision@1: 0.48859044449726646
f1@1: 0.27296318490162086
recall@3: 0.2888884311156714
precision@3: 0.37512875366452736
f1@3: 0.3074904908148522
recall@5: 0.2958545317292643
precision@5: 0.3574637508913715
f1@5: 0.30413823193343137
recall@10: 0.29595569532282157
precision@10: 0.3572707618821239
f1@10: 0.30405396010563684
label_frequencies:
  0:
    precision: 0.04924242424242424
    recall: 0.04690656565656565
    support: 813
  1:
    precision: 0.029038112522686024
    recall: 0.029038112522686024
    support: 704
  10:
    precision: 0.04656957928802589
    recall: 0.042946833102172906
    support: 1961
  100:
    precision: 0.0942712801358458
    recall: 0.08542436412286156
    support: 4934
  1000:
    precision: 0.23343876417702253
    recall: 0.18711625072989904
    support: 2752
  .inf:
    precision: 0.33071027059829544
    recall: 0.3365703018882623
    support: 221
entity_types:
  Sachbegriff:
    precision: 0.10559571325923654
    recall: 0.0919653192991583
  Geografikum:
    precision: 0.1739660468656017
    recall: 0.14974750509243911
  Werk:
    precision: 0.061998361998362
    recall: 0.057251757251757254
  Person (individualisiert):
    precision: 0.18171351206830838
    recall: 0.15203905332026227
  Körperschaft:
    precision: 0.08243026575421457
    recall: 0.07648227448227449
  Konferenz:
    precision: 0.0
    recall: 0.0
  null:
    precision: 0.0
    recall: 0.0
avg_no_preds: 2.831946755407654
bertscore:
  precision: 0.80531099847059
  recall: 0.7806024516963438
  f1: 0.7915906045707184
meteor: 0.2791310133923442
rouge:
  rouge1: 0.32514939929534137
  rouge2: 0.11334979792944272
  rougeL: 0.30678236806256104
  rougeLsum: 0.30710161184093404
similarity_to_title:
  not-similar: 0.15942028985507245
  somewhat-similar: 0.17399793892715734
  similar: 0.2901084517576664
  very-similar: 0.5558739255014327
