recall: 0.38169466802347574
precision: 0.46017465222361825
f1: 0.3935800611507417
jaccard: 0.19679003057537084
weighted_precision: 0.5066845489877295
recall@1: 0.255950149356447
precision@1: 0.5843831709056335
f1@1: 0.3243595152437558
recall@3: 0.36971063879437877
precision@3: 0.47662625782426116
f1@3: 0.39320210528001465
recall@5: 0.38153738103768864
precision@5: 0.4605379922351636
f1@5: 0.3936872191602348
recall@10: 0.38169466802347574
precision@10: 0.46017465222361825
f1@10: 0.3935800611507417
label_frequencies:
  0:
    precision: 0.10139282341831916
    recall: 0.0992681775259679
    support: 813
  1:
    precision: 0.09411239964317573
    recall: 0.09158489443948856
    support: 704
  10:
    precision: 0.12918871252204586
    recall: 0.12179840190044272
    support: 1961
  100:
    precision: 0.19458591914804738
    recall: 0.17156097678688656
    support: 4934
  1000:
    precision: 0.31615910802264563
    recall: 0.2617260487466192
    support: 2752
  .inf:
    precision: 0.4009801512407121
    recall: 0.4071010460274682
    support: 221
entity_types:
  Sachbegriff:
    precision: 0.18641063594246474
    recall: 0.16177482442680532
  Geografikum:
    precision: 0.288435549934952
    recall: 0.27852777353402797
  Person (individualisiert):
    precision: 0.3280542320569951
    recall: 0.3040168148017345
  Werk:
    precision: 0.10465879265091864
    recall: 0.09965581225423745
  Körperschaft:
    precision: 0.15180508717801536
    recall: 0.15465178890593256
  Konferenz:
    precision: 0.14285714285714285
    recall: 0.14285714285714285
  null:
    precision: 0.0
    recall: 0.0
avg_no_preds: 2.6913477537437602
bertscore:
  precision: 0.8336449706280971
  recall: 0.8072612647038898
  f1: 0.8189830313619764
meteor: 0.3351575017198142
rouge:
  rouge1: 0.4195269583359398
  rouge2: 0.16723644190018916
  rougeL: 0.389579458659154
  rougeLsum: 0.38927732188887465
similarity_to_title:
  not-similar: 0.20910973084886128
  somewhat-similar: 0.21836524380322178
  similar: 0.41333208676140615
  very-similar: 0.670487106017192
