recall: 0.2873537133781445
precision: 0.2262309368191721
f1: 0.23059986341482785
jaccard: 0.11529993170741393
weighted_precision: 0.28221282905109496
recall@1: 0.16506717848072572
precision@1: 0.41354723707664887
f1@1: 0.21586321515020268
recall@3: 0.27067812416244835
precision@3: 0.2646266587443058
f1@3: 0.24336097224846306
recall@5: 0.28677420211235877
precision@5: 0.22783521489403843
f1@5: 0.23148656249176108
recall@10: 0.2873537133781445
precision@10: 0.2262309368191721
f1@10: 0.23059986341482785
label_frequencies:
  0:
    precision: 0.04208822339133954
    recall: 0.042459193309051665
    support: 813
  1:
    precision: 0.057866273352999015
    recall: 0.05821042281219272
    support: 704
  10:
    precision: 0.10344918597544035
    recall: 0.10214063455020281
    support: 1962
  100:
    precision: 0.14414911562163943
    recall: 0.13585502192995616
    support: 4935
  1000:
    precision: 0.24059934056193247
    recall: 0.21800062914799706
    support: 2752
  .inf:
    precision: 0.32881711989329554
    recall: 0.30806793142752864
    support: 221
entity_types:
  Sachbegriff:
    precision: 0.1392515583256285
    recall: 0.13086722226389735
  Geografikum:
    precision: 0.18588762517608093
    recall: 0.1840499692768735
  Werk:
    precision: 0.03717724288840263
    recall: 0.03586457306369779
  Person (individualisiert):
    precision: 0.05338716913414087
    recall: 0.04676486715517671
  Körperschaft:
    precision: 0.06211435213372447
    recall: 0.06456367501311322
  null:
    precision: 0.0
    recall: 0.0
  Konferenz:
    precision: 0.06666666666666667
    recall: 0.06666666666666667
avg_no_preds: 3.8458704693998813
bertscore:
  precision: 0.6485139588762874
  recall: 0.71477764303034
  f1: 0.6787088776938064
meteor: 0.014303997883158753
rouge:
  rouge1: 0.24409533083373583
  rouge2: 0.04855103698636329
  rougeL: 0.21260289331989957
  rougeLsum: 0.21233843287842807
similarity_to_title:
  not-similar: 0.028985507246376812
  somewhat-similar: 0.14654517843583903
  similar: 0.38220727034856555
  very-similar: 0.4785100286532951
