recall: 0.2874627447705984
precision: 0.22642861858548133
f1: 0.23122650435959266
jaccard: 0.11561325217979633
weighted_precision: 0.2823454760172738
recall@1: 0.16249071178608768
precision@1: 0.4103386809269162
f1@1: 0.21314712025941973
recall@3: 0.26861623708273596
precision@3: 0.2628837393543276
f1@3: 0.2420107646247942
recall@5: 0.287008670885152
precision@5: 0.22843929490988316
f1@5: 0.2324025581101071
recall@10: 0.2874627447705984
precision@10: 0.22642861858548133
f1@10: 0.23122650435959266
label_frequencies:
  0:
    precision: 0.04233128834355828
    recall: 0.042194955691888206
    support: 813
  1:
    precision: 0.05524399842581661
    recall: 0.0555883510428965
    support: 704
  10:
    precision: 0.10059651970836181
    recall: 0.09999860763018657
    support: 1962
  100:
    precision: 0.13639778267438016
    recall: 0.13081714735461739
    support: 4935
  1000:
    precision: 0.2453869563386532
    recall: 0.21948292516858506
    support: 2752
  .inf:
    precision: 0.33001535102081075
    recall: 0.31282581860279457
    support: 221
entity_types:
  Sachbegriff:
    precision: 0.13602858014708002
    recall: 0.12836549910280792
  Geografikum:
    precision: 0.1896042337510859
    recall: 0.18675858611221083
  Werk:
    precision: 0.03002725326065797
    recall: 0.030813939807515824
  Körperschaft:
    precision: 0.06148168327106683
    recall: 0.05910652246268685
  Person (individualisiert):
    precision: 0.0560792349726776
    recall: 0.04980014167172637
  null:
    precision: 0.0
    recall: 0.0
  Konferenz:
    precision: 0.07692307692307693
    recall: 0.07692307692307693
avg_no_preds: 3.8531194295900177
bertscore:
  precision: 0.6481644794761037
  recall: 0.7142453505818644
  f1: 0.6782946683010457
meteor: 0.013979627936327184
rouge:
  rouge1: 0.24543470386178678
  rouge2: 0.048488007020365625
  rougeL: 0.2122164422381565
  rougeLsum: 0.21223015888602348
similarity_to_title:
  not-similar: 0.022774327122153208
  somewhat-similar: 0.15028744983186898
  similar: 0.3787496495654612
  very-similar: 0.4670487106017192
