recall: 0.3239899557168395
precision: 0.19807435453382685
f1: 0.22174322981051925
jaccard: 0.11087161490525962
weighted_precision: 0.24596675150447442
recall@1: 0.17331847463473324
precision@1: 0.4212027573092465
f1@1: 0.22409317896006747
recall@3: 0.2954243152721879
precision@3: 0.2685009111797797
f1@3: 0.2541105701052708
recall@5: 0.32143511514500345
precision@5: 0.20499366135805405
f1@5: 0.22643168464913663
recall@10: 0.3239899557168395
precision@10: 0.19807435453382685
f1@10: 0.22174322981051925
label_frequencies:
  0:
    precision: 0.04357536096395554
    recall: 0.04489976108860497
    support: 813
  10:
    precision: 0.08837002827176613
    recall: 0.09013240833120645
    support: 2665
  100:
    precision: 0.143656684967249
    recall: 0.14429284801863584
    support: 4934
  1000:
    precision: 0.24232410051015052
    recall: 0.22825118896774255
    support: 2752
  10000:
    precision: 0.3393757436863178
    recall: 0.3079437766436453
    support: 216
  100000:
    precision: 0.3938307969235804
    recall: 0.2019066835171117
    support: 5
entity_types:
  Sachbegriff:
    precision: 0.13438220859077935
    recall: 0.1328188512412988
  Geografikum:
    precision: 0.16773804850883392
    recall: 0.16337804289659444
  Person (individualisiert):
    precision: 0.05285320739866194
    recall: 0.04892977392977393
  Werk:
    precision: 0.04766992685131914
    recall: 0.04443036484624387
  Körperschaft:
    precision: 0.062403918260217475
    recall: 0.06784583438126746
  null:
    precision: 0.0
    recall: 0.0
  Konferenz:
    precision: 0.06666666666666667
    recall: 0.06666666666666667
avg_no_preds: 4.737104825291182
bertscore:
  precision: 0.7416597355749535
  recall: 0.7591755087681102
  f1: 0.7489947071757203
meteor: 0.11409658685772406
rouge:
  rouge1: 0.24099550708249334
  rouge2: 0.056843249034333666
  rougeL: 0.20724160103935946
  rougeLsum: 0.20949828113839292
similarity_to_title:
  not-similar: 0.026915113871635612
  somewhat-similar: 0.1459565005152682
  similar: 0.43464846671652957
  very-similar: 0.6590257879656161
