recall: 0.311710108898793
precision: 0.19685232662116428
f1: 0.2181305669237198
jaccard: 0.1090652834618599
weighted_precision: 0.2413067841781943
recall@1: 0.1718086297269801
precision@1: 0.4137152365105776
f1@1: 0.22125396392689
recall@3: 0.2860060068576337
precision@3: 0.25754694556691227
f1@3: 0.2447480107705013
recall@5: 0.3104932688627231
precision@5: 0.20250772521987165
f1@5: 0.2219906479740451
recall@10: 0.311710108898793
precision@10: 0.19685232662116428
f1@10: 0.2181305669237198
label_frequencies:
  0:
    precision: 0.04205092011710582
    recall: 0.04336574654956085
    support: 813
  10:
    precision: 0.08345895298182364
    recall: 0.0866148415202043
    support: 2665
  100:
    precision: 0.13840934079962314
    recall: 0.1398130937620496
    support: 4934
  1000:
    precision: 0.24284091666329644
    recall: 0.22175171414428244
    support: 2752
  10000:
    precision: 0.33367195547892115
    recall: 0.2750114559265261
    support: 216
  100000:
    precision: 0.38466685382743776
    recall: 0.1444653877538953
    support: 5
entity_types:
  Sachbegriff:
    precision: 0.12925577622360135
    recall: 0.1271699636363186
  Geografikum:
    precision: 0.16713673008420707
    recall: 0.15739689735995063
  Person (individualisiert):
    precision: 0.053617810760667906
    recall: 0.04781144781144781
  Werk:
    precision: 0.049830861306271144
    recall: 0.0494038444858117
  Körperschaft:
    precision: 0.08222737214211236
    recall: 0.08804784621905244
  null:
    precision: 0.0
    recall: 0.0
  Konferenz:
    precision: 0.0
    recall: 0.0
avg_no_preds: 4.48324221535536
bertscore:
  precision: 0.7426820805414516
  recall: 0.7586592938303806
  f1: 0.7492899858869394
meteor: 0.11375369217983214
rouge:
  rouge1: 0.23902708655245075
  rouge2: 0.05787574720831347
  rougeL: 0.20779206622419308
  rougeLsum: 0.20971764484604188
