recall: 0.306037108904354
precision: 0.19419245941708504
f1: 0.2146739669977514
jaccard: 0.1073369834988757
weighted_precision: 0.23840946125138102
recall@1: 0.17144331317732792
precision@1: 0.41466603280247205
f1@1: 0.22124268779842823
recall@3: 0.28287871076972576
precision@3: 0.2547539814594723
f1@3: 0.24213624649872362
recall@5: 0.3043576517637606
precision@5: 0.19918786150067347
f1@5: 0.21797275288874135
recall@10: 0.306037108904354
precision@10: 0.19419353986741675
f1@10: 0.21467495741055548
label_frequencies:
  0:
    precision: 0.04094681832154934
    recall: 0.04142330156778359
    support: 813
  10:
    precision: 0.07998363425192694
    recall: 0.08284927422558085
    support: 2665
  100:
    precision: 0.138812764896416
    recall: 0.14114060431673803
    support: 4934
  1000:
    precision: 0.2401674312680441
    recall: 0.21744562340679344
    support: 2752
  10000:
    precision: 0.32635785056029326
    recall: 0.26493472485763186
    support: 216
  100000:
    precision: 0.3879966322926337
    recall: 0.17766007076295007
    support: 5
entity_types:
  Sachbegriff:
    precision: 0.12868836023009156
    recall: 0.1261684058450798
  Geografikum:
    precision: 0.15609067978606453
    recall: 0.14806335389108322
  Werk:
    precision: 0.0465005931198102
    recall: 0.04435362976288243
  Körperschaft:
    precision: 0.0613208919931609
    recall: 0.0678342366654055
  Person (individualisiert):
    precision: 0.048382923673997415
    recall: 0.046284317953140724
  null:
    precision: 0.0
    recall: 0.0
  Konferenz:
    precision: 0.058823529411764705
    recall: 0.058823529411764705
avg_no_preds: 4.4753981459472305
bertscore:
  precision: 0.7417295751391438
  recall: 0.7578030954652368
  f1: 0.7483935842455666
meteor: 0.11258903503842783
rouge:
  rouge1: 0.23679287053280232
  rouge2: 0.057460901552324764
  rougeL: 0.20602464742940912
  rougeLsum: 0.20787357078998941
similarity_to_title:
  not-similar: 0.024844720496894408
  somewhat-similar: 0.1262678309920269
  similar: 0.4200635751682872
  very-similar: 0.6848137535816619
