recall: 0.2998062983731128
precision: 0.19400828551054364
f1: 0.21370684823633654
jaccard: 0.10685342411816827
weighted_precision: 0.2440120755717558
recall@1: 0.16471397519597997
precision@1: 0.41121939624435466
f1@1: 0.21465249815024
recall@3: 0.2747720884001103
precision@3: 0.2581213849932652
f1@3: 0.2407984002742039
recall@5: 0.2984845689048418
precision@5: 0.20016638935108153
f1@5: 0.217798912922292
recall@10: 0.2998062983731128
precision@10: 0.19400828551054364
f1@10: 0.21370684823633654
label_frequencies:
  0:
    precision: 0.04529791816223977
    recall: 0.04639267767408471
    support: 2786
  10:
    precision: 0.08456863768016785
    recall: 0.08592737981207808
    support: 5568
  100:
    precision: 0.13645256443017692
    recall: 0.13441071626468454
    support: 6758
  1000:
    precision: 0.23184818335996266
    recall: 0.22128405512798258
    support: 3104
  10000:
    precision: 0.32360389327477135
    recall: 0.3170137394491238
    support: 223
  100000:
    precision: 0.385929203539823
    recall: 0.18127574815141848
    support: 5
entity_types:
  Sachbegriff:
    precision: 0.130518398598287
    recall: 0.12841156351240351
  Geografikum:
    precision: 0.17604923541640063
    recall: 0.17083582171388192
  Werk:
    precision: 0.03344430992736078
    recall: 0.0333628236170609
  Person (individualisiert):
    precision: 0.059190031152647975
    recall: 0.058782079810117197
  Körperschaft:
    precision: 0.07153894520665681
    recall: 0.07082628673537765
  null:
    precision: 0.0
    recall: 0.0
  Konferenz:
    precision: 0.0625
    recall: 0.0625
avg_no_preds: 4.619562633705729
bertscore:
  precision: 0.7434200202948356
  recall: 0.759448580945051
  f1: 0.7502552810618054
meteor: 0.10063652113112165
rouge:
  rouge1: 0.2204599681725446
  rouge2: 0.04122246049561008
  rougeL: 0.18997242360889632
  rougeLsum: 0.19163573080377455
