recall: 0.2988735238848845
precision: 0.19167511304425972
f1: 0.2116136653571314
jaccard: 0.1058068326785657
weighted_precision: 0.24294264990571282
recall@1: 0.16251162428908902
precision@1: 0.40670311385785596
f1@1: 0.21225138329963622
recall@3: 0.2736021893640848
precision@3: 0.2565169162506933
f1@3: 0.2396847698622402
recall@5: 0.29760004166892545
precision@5: 0.19810633071864353
f1@5: 0.21593723223694022
recall@10: 0.2988735238848845
precision@10: 0.1916761934945914
f1@10: 0.21161518906913765
label_frequencies:
  0:
    precision: 0.04285714285714286
    recall: 0.04330922242314647
    support: 813
  10:
    precision: 0.0825057295645531
    recall: 0.08445717681011798
    support: 2665
  100:
    precision: 0.13869991970698584
    recall: 0.13585174391533125
    support: 4934
  1000:
    precision: 0.2325359366117333
    recall: 0.21837361734577512
    support: 2752
  10000:
    precision: 0.3225927012885241
    recall: 0.3201998511186596
    support: 216
  100000:
    precision: 0.3669047619047619
    recall: 0.20762025122226424
    support: 5
entity_types:
  Sachbegriff:
    precision: 0.12986484729727998
    recall: 0.12693776101745913
  Geografikum:
    precision: 0.1798752196866406
    recall: 0.17654658607800314
  Werk:
    precision: 0.026539351851851852
    recall: 0.02773580586080586
  Körperschaft:
    precision: 0.07811685943524017
    recall: 0.07855087034518107
  Person (individualisiert):
    precision: 0.0682020471740098
    recall: 0.06325718241606092
  null:
    precision: 0.0
    recall: 0.0
  Konferenz:
    precision: 0.0625
    recall: 0.0625
avg_no_preds: 4.657713334917994
bertscore:
  precision: 0.7436708877368299
  recall: 0.7594412702164742
  f1: 0.750369220568274
meteor: 0.10053950682168132
rouge:
  rouge1: 0.2206840018733009
  rouge2: 0.04269707205175308
  rougeL: 0.19059395719053793
  rougeLsum: 0.19197295373372292
