recall: 0.31424257992722315
precision: 0.1961533781565871
f1: 0.21820500844119706
jaccard: 0.10910250422059853
weighted_precision: 0.25327649517119766
recall@1: 0.17330051725998957
precision@1: 0.41942001426194436
f1@1: 0.22367836320771906
recall@3: 0.289450242415014
precision@3: 0.26158782980746376
f1@3: 0.24809928008252746
recall@5: 0.3127043273549796
precision@5: 0.202042231201965
f1@5: 0.22223251350785367
recall@10: 0.31424257992722315
precision@10: 0.1961533781565871
f1@10: 0.21820500844119706
label_frequencies:
  0:
    precision: 0.04117174959871589
    recall: 0.041760299625468164
    support: 813
  10:
    precision: 0.08217263073349933
    recall: 0.08550461053704647
    support: 2665
  100:
    precision: 0.13728387288491842
    recall: 0.1395749368663026
    support: 4934
  1000:
    precision: 0.23004705120879235
    recall: 0.21825597328322283
    support: 2752
  10000:
    precision: 0.3377353118218162
    recall: 0.2995501503603203
    support: 216
  100000:
    precision: 0.32792131594111795
    recall: 0.1822645349747074
    support: 5
entity_types:
  Sachbegriff:
    precision: 0.1276200679861514
    recall: 0.12742205884138694
  Geografikum:
    precision: 0.1644151971765578
    recall: 0.16041995030779027
  Person (individualisiert):
    precision: 0.048254922768541444
    recall: 0.045948023250228176
  Werk:
    precision: 0.050518199413123556
    recall: 0.04896171444214149
  Körperschaft:
    precision: 0.06759323232160933
    recall: 0.07098670024100234
  Konferenz:
    precision: 0.07142857142857142
    recall: 0.07142857142857142
  null:
    precision: 0.0
    recall: 0.0
avg_no_preds: 4.570477775136677
bertscore:
  precision: 0.7429846951223082
  recall: 0.758513117958651
  f1: 0.7493763686940764
meteor: 0.11302762055210729
rouge:
  rouge1: 0.23852847172163225
  rouge2: 0.05559707087570896
  rougeL: 0.20707110189400696
  rougeLsum: 0.2085589305024482
similarity_to_title:
  not-similar: 0.049689440993788817
  somewhat-similar: 0.13874274556598146
  similar: 0.4181002243829469
  very-similar: 0.6991404011461319
