recall: 0.31437242987285635
precision: 0.19576584377511405
f1: 0.217644621703223
jaccard: 0.1088223108516115
weighted_precision: 0.25258338027280564
recall@1: 0.17416930651420787
precision@1: 0.41870691704302354
f1@1: 0.22420759785865563
recall@3: 0.2900941964194387
precision@3: 0.261033198637192
f1@3: 0.24778562222000144
recall@5: 0.31305343583042516
precision@5: 0.20185405276919421
f1@5: 0.22185341542594603
recall@10: 0.31437242987285635
precision@10: 0.19576584377511405
f1@10: 0.217644621703223
label_frequencies:
  0:
    precision: 0.04075013206550449
    recall: 0.04149498151082937
    support: 813
  10:
    precision: 0.08332112332112332
    recall: 0.0862301908617698
    support: 2665
  100:
    precision: 0.13946225057047568
    recall: 0.13903168271006855
    support: 4934
  1000:
    precision: 0.23749253079929628
    recall: 0.21736111779974845
    support: 2752
  10000:
    precision: 0.3168146990528649
    recall: 0.2911274122858914
    support: 216
  100000:
    precision: 0.31916339474479005
    recall: 0.17155484830594145
    support: 5
entity_types:
  Sachbegriff:
    precision: 0.12925555306660788
    recall: 0.12665718964728853
  Geografikum:
    precision: 0.16349366999168685
    recall: 0.15589653908613932
  Werk:
    precision: 0.04846014492753623
    recall: 0.045145524765089984
  Körperschaft:
    precision: 0.06821480545343138
    recall: 0.07591153831388206
  Person (individualisiert):
    precision: 0.057740381684043655
    recall: 0.0529117465737184
  null:
    precision: 0.0
    recall: 0.0
  Konferenz:
    precision: 0.0625
    recall: 0.0625
avg_no_preds: 4.571785120038032
bertscore:
  precision: 0.743439334370984
  recall: 0.7588141626010521
  f1: 0.7497335581774379
meteor: 0.1142672418708463
rouge:
  rouge1: 0.24035381416705026
  rouge2: 0.05768538609446065
  rougeL: 0.20815971287758872
  rougeLsum: 0.21008541113334567
similarity_to_title:
  not-similar: 0.041407867494824016
  somewhat-similar: 0.139176655638119
  similar: 0.4181002243829469
  very-similar: 0.6790830945558739
