recall: 0.3206249603231524
precision: 0.19680077799283885
f1: 0.2197984996528685
jaccard: 0.10989924982643424
weighted_precision: 0.24833539339288188
recall@1: 0.1735492106891665
precision@1: 0.4195388637984312
f1@1: 0.22389156085970918
recall@3: 0.2919466443439094
precision@3: 0.2639450122811188
f1@3: 0.25021816016775217
recall@5: 0.31884952746559453
precision@5: 0.20380912764440218
f1@5: 0.22476856845138443
recall@10: 0.3206249603231524
precision@10: 0.19680077799283885
f1@10: 0.2197984996528685
label_frequencies:
  0:
    precision: 0.04201833906429092
    recall: 0.042591434823382304
    support: 813
  10:
    precision: 0.0832455873015873
    recall: 0.08523542857142857
    support: 2665
  100:
    precision: 0.14422818271583582
    recall: 0.14366580307663898
    support: 4934
  1000:
    precision: 0.24435987910568688
    recall: 0.2242232155185395
    support: 2752
  10000:
    precision: 0.3211334568281242
    recall: 0.2895017575360349
    support: 216
  100000:
    precision: 0.37142857142857144
    recall: 0.19514358017781827
    support: 5
entity_types:
  Sachbegriff:
    precision: 0.13255074843930148
    recall: 0.12935076052673936
  Geografikum:
    precision: 0.15939647050939032
    recall: 0.15214848611569345
  Person (individualisiert):
    precision: 0.05483592400690846
    recall: 0.05357656879677605
  Werk:
    precision: 0.04087150127226463
    recall: 0.03898232810446551
  Körperschaft:
    precision: 0.07199758867948473
    recall: 0.07762879384238608
  null:
    precision: 0.0
    recall: 0.0
  Konferenz:
    precision: 0.07142857142857142
    recall: 0.07142857142857142
avg_no_preds: 4.684335631091039
bertscore:
  precision: 0.7424455901804009
  recall: 0.7595723314511399
  f1: 0.7495894783291818
meteor: 0.11331518190197348
rouge:
  rouge1: 0.23925777609461424
  rouge2: 0.056851027482153926
  rougeL: 0.20602918553582855
  rougeLsum: 0.20802015882640243
similarity_to_title:
  not-similar: 0.022774327122153208
  somewhat-similar: 0.14140044475782393
  similar: 0.4292258788332087
  very-similar: 0.6962750716332379
