recall: 0.3743820932256872
precision: 0.4564082538173339
f1: 0.38816114858173245
jaccard: 0.19408057429086623
weighted_precision: 0.5052390391678779
recall@1: 0.2516342378536341
precision@1: 0.5755883052056097
f1@1: 0.31902079907784686
recall@3: 0.36241478525172366
precision@3: 0.4727636478884399
f1@3: 0.3878075647605423
recall@5: 0.3742025455330661
precision@5: 0.4567704619285318
f1@5: 0.3882834142673449
recall@10: 0.3743820932256872
precision@10: 0.4564082538173339
f1@10: 0.38816114858173245
label_frequencies:
  0:
    precision: 0.09402332361516035
    recall: 0.09171525753158406
    support: 813
  1:
    precision: 0.09061930783242259
    recall: 0.08925318761384335
    support: 704
  10:
    precision: 0.13138942001274698
    recall: 0.12499438526207168
    support: 1961
  100:
    precision: 0.18875204450409072
    recall: 0.16674941329331383
    support: 4934
  1000:
    precision: 0.3220578040082064
    recall: 0.26532177589174394
    support: 2752
  .inf:
    precision: 0.39337561705878493
    recall: 0.3897771396930354
    support: 221
entity_types:
  Sachbegriff:
    precision: 0.18491065226878595
    recall: 0.16011853538507126
  Geografikum:
    precision: 0.27512237608025053
    recall: 0.2691937935011731
  Werk:
    precision: 0.10435254400771642
    recall: 0.10131071404280953
  Person (individualisiert):
    precision: 0.3377245883390604
    recall: 0.31685033637088433
  Körperschaft:
    precision: 0.13895987080414463
    recall: 0.13107575988931922
  null:
    precision: 0.0
    recall: 0.0
  Konferenz:
    precision: 0.15384615384615385
    recall: 0.15384615384615385
avg_no_preds: 2.666627050154504
bertscore:
  precision: 0.8326483051156895
  recall: 0.8048461583304184
  f1: 0.8172555768861038
meteor: 0.3284476343735129
rouge:
  rouge1: 0.41514370539891515
  rouge2: 0.1616255269189762
  rougeL: 0.3853360803255806
  rougeLsum: 0.38534377112404256
similarity_to_title:
  not-similar: 0.19668737060041408
  somewhat-similar: 0.21581602212941367
  similar: 0.4049177262528048
  very-similar: 0.6389684813753582
