recall: 0.3780982648732827
precision: 0.46161414649054294
f1: 0.3920473011341853
jaccard: 0.19602365056709264
weighted_precision: 0.5103230400801491
recall@1: 0.25471891068812863
precision@1: 0.586522462562396
f1@1: 0.3238136246396289
recall@3: 0.36605209688760915
precision@3: 0.4777553284208858
f1@3: 0.3913642540858735
recall@5: 0.3780324260030702
precision@5: 0.4621206718960463
f1@5: 0.392283300086784
recall@10: 0.3780982648732827
precision@10: 0.46161414649054294
f1@10: 0.3920473011341853
label_frequencies:
  0:
    precision: 0.09320809248554913
    recall: 0.09110067437379576
    support: 813
  1:
    precision: 0.08736059479553904
    recall: 0.08565675340768278
    support: 704
  10:
    precision: 0.13061081356796736
    recall: 0.12173583026681727
    support: 1961
  100:
    precision: 0.20224627602755832
    recall: 0.17822229744200463
    support: 4934
  1000:
    precision: 0.3246629057010157
    recall: 0.265974970851136
    support: 2752
  .inf:
    precision: 0.3981277809008452
    recall: 0.3850829734904161
    support: 221
entity_types:
  Sachbegriff:
    precision: 0.1911987473140043
    recall: 0.16491251649002614
  Geografikum:
    precision: 0.25811591344986834
    recall: 0.24643635277727238
  Person (individualisiert):
    precision: 0.35589628950284685
    recall: 0.3299879234305464
  Werk:
    precision: 0.09342105263157895
    recall: 0.08946645459803354
  Körperschaft:
    precision: 0.15006855746556122
    recall: 0.13856607189940523
  null:
    precision: 0.0
    recall: 0.0
  Konferenz:
    precision: 0.2
    recall: 0.2
avg_no_preds: 2.66567625386261
bertscore:
  precision: 0.8327242191327505
  recall: 0.8050496925331788
  f1: 0.8174068113460885
meteor: 0.3297126039284934
rouge:
  rouge1: 0.41761811055735765
  rouge2: 0.16225490653577343
  rougeL: 0.3875969922530954
  rougeLsum: 0.3874311109336145
similarity_to_title:
  not-similar: 0.19047619047619047
  somewhat-similar: 0.21603297716548245
  similar: 0.41464098728496634
  very-similar: 0.6590257879656161
