recall: 0.37832787804858165
precision: 0.458392192151403
f1: 0.39111655576441157
jaccard: 0.19555827788220578
weighted_precision: 0.5060016778072849
recall@1: 0.253895411959353
precision@1: 0.5805799857380556
f1@1: 0.32196247879632717
recall@3: 0.36632461937608124
precision@3: 0.47468504872830997
f1@3: 0.390537660013953
recall@5: 0.37819535138289595
precision@5: 0.4587057285476587
f1@5: 0.39121874090850867
recall@10: 0.37832787804858165
precision@10: 0.458392192151403
f1@10: 0.39111655576441157
label_frequencies:
  0:
    precision: 0.09663564781675017
    recall: 0.09484609878310665
    support: 813
  1:
    precision: 0.10073937153419593
    recall: 0.0996611213801602
    support: 704
  10:
    precision: 0.13047655649500384
    recall: 0.12442169027488013
    support: 1961
  100:
    precision: 0.19722339786855916
    recall: 0.17363807164091793
    support: 4934
  1000:
    precision: 0.3172456780556854
    recall: 0.25976124300969267
    support: 2752
  .inf:
    precision: 0.3789449618253655
    recall: 0.37690334913280704
    support: 221
entity_types:
  Sachbegriff:
    precision: 0.18732680098443386
    recall: 0.16231494672241625
  Geografikum:
    precision: 0.2873491311108949
    recall: 0.2739017024059259
  Person (individualisiert):
    precision: 0.35244869054995637
    recall: 0.3264017815283638
  Werk:
    precision: 0.11814404432132963
    recall: 0.11638915101518979
  Körperschaft:
    precision: 0.1250044127239937
    recall: 0.11756835291081866
  Konferenz:
    precision: 0.07142857142857142
    recall: 0.07142857142857142
  null:
    precision: 0.0
    recall: 0.0
avg_no_preds: 2.670192536249109
bertscore:
  precision: 0.8320976589393072
  recall: 0.805100262391757
  f1: 0.817138039133513
meteor: 0.33053145618207064
rouge:
  rouge1: 0.415873646940616
  rouge2: 0.16378552675258506
  rougeL: 0.3861074284692006
  rougeLsum: 0.3858511957999912
similarity_to_title:
  not-similar: 0.20910973084886128
  somewhat-similar: 0.21576178337039648
  similar: 0.4101533283470456
  very-similar: 0.6504297994269341
