recall: 0.37832787804858165
precision: 0.458392192151403
f1: 0.39111655576441157
jaccard: 0.19555827788220578
weighted_precision: 0.5060016778072849
recall@1: 0.253895411959353
precision@1: 0.5805799857380556
f1@1: 0.32196247879632717
recall@3: 0.36632461937608124
precision@3: 0.47468504872830997
f1@3: 0.390537660013953
recall@5: 0.37819535138289595
precision@5: 0.4587057285476587
f1@5: 0.39121874090850867
recall@10: 0.37832787804858165
precision@10: 0.458392192151403
f1@10: 0.39111655576441157
label_frequencies:
  0:
    precision: 0.09663564781675017
    recall: 0.09484609878310665
    support: 813
  10:
    precision: 0.12174267100977199
    recall: 0.11714944935628975
    support: 2665
  100:
    precision: 0.19722339786855916
    recall: 0.17363807164091793
    support: 4934
  1000:
    precision: 0.3172456780556854
    recall: 0.25976124300969267
    support: 2752
  10000:
    precision: 0.3796891183403388
    recall: 0.37538179480236206
    support: 216
  100000:
    precision: 0.3457555812575587
    recall: 0.44476467227065364
    support: 5
entity_types:
  Sachbegriff:
    precision: 0.18732680098443386
    recall: 0.16231494672241625
  Geografikum:
    precision: 0.2873491311108949
    recall: 0.2739017024059259
  Person (individualisiert):
    precision: 0.35244869054995637
    recall: 0.3264017815283638
  Werk:
    precision: 0.11814404432132963
    recall: 0.11638915101518979
  Körperschaft:
    precision: 0.1250044127239937
    recall: 0.11756835291081866
  Konferenz:
    precision: 0.07142857142857142
    recall: 0.07142857142857142
  null:
    precision: 0.0
    recall: 0.0
avg_no_preds: 2.670192536249109
bertscore:
  precision: 0.8320976591943307
  recall: 0.8051002628026281
  f1: 0.8171380393247806
meteor: 0.33053145618207064
rouge:
  rouge1: 0.41588331134862355
  rouge2: 0.1636587411888641
  rougeL: 0.38618999002341614
  rougeLsum: 0.38582416219722526
similarity_to_title:
  not-similar: 0.20910973084886128
  somewhat-similar: 0.21576178337039648
  similar: 0.4101533283470456
  very-similar: 0.6504297994269341
