recall: 0.37059378008094435
precision: 0.452225316083172
f1: 0.3836098669533804
jaccard: 0.1918049334766902
weighted_precision: 0.501652371163554
recall@1: 0.2497542259130089
precision@1: 0.5715474209650583
f1@1: 0.3167432836555727
recall@3: 0.35861048401457246
precision@3: 0.4678908168924808
f1@3: 0.38290914779977125
recall@5: 0.3704421054343802
precision@5: 0.4526939228270343
f1@5: 0.3837607579419104
recall@10: 0.37059378008094435
precision@10: 0.452225316083172
f1@10: 0.3836098669533804
label_frequencies:
  0:
    precision: 0.09397417503586801
    recall: 0.09253945480631277
    support: 813
  10:
    precision: 0.11248752155368001
    recall: 0.10798490918284002
    support: 2665
  100:
    precision: 0.1903791497461363
    recall: 0.16750451298869493
    support: 4934
  1000:
    precision: 0.3145795551911798
    recall: 0.2578172486955306
    support: 2752
  10000:
    precision: 0.3857310060196747
    recall: 0.3840679682231228
    support: 216
  100000:
    precision: 0.3527009478177687
    recall: 0.40055012524280736
    support: 5
entity_types:
  Sachbegriff:
    precision: 0.18206550330724
    recall: 0.1572071615161168
  Geografikum:
    precision: 0.2657822837128857
    recall: 0.26129568565670874
  Person (individualisiert):
    precision: 0.33943133980447415
    recall: 0.31499052357261315
  Werk:
    precision: 0.11563238770685579
    recall: 0.1106207622165069
  Körperschaft:
    precision: 0.13263848068799305
    recall: 0.12470992720259583
  Konferenz:
    precision: 0.07142857142857142
    recall: 0.07142857142857142
  null:
    precision: 0.0
    recall: 0.0
avg_no_preds: 2.659614927501783
bertscore:
  precision: 0.8311387461368619
  recall: 0.8038191484787245
  f1: 0.8159780433958886
meteor: 0.3266137370946547
rouge:
  rouge1: 0.4114274343344174
  rouge2: 0.1595719033889217
  rougeL: 0.38236084073216703
  rougeLsum: 0.38244786367617023
similarity_to_title:
  not-similar: 0.18012422360248448
  somewhat-similar: 0.21174811520312414
  similar: 0.4010845175766642
  very-similar: 0.667621776504298
