recall: 0.37744037945785036
precision: 0.45983395021902274
f1: 0.39156556416004773
jaccard: 0.19578278208002384
weighted_precision: 0.5086061641517615
recall@1: 0.2520248166908495
precision@1: 0.5728547658664132
f1@1: 0.3187672388884654
recall@3: 0.36632548248307695
precision@3: 0.47571507804452895
f1@3: 0.391145371207138
recall@5: 0.3773091733425701
precision@5: 0.4602250217890817
f1@5: 0.3917123998278638
recall@10: 0.37744037945785036
precision@10: 0.45983395021902274
f1@10: 0.39156556416004773
label_frequencies:
  0:
    precision: 0.0946969696969697
    recall: 0.09310850439882698
    support: 813
  1:
    precision: 0.09327651515151515
    recall: 0.09059343434343434
    support: 704
  10:
    precision: 0.11799184505606523
    recall: 0.11040635163341585
    support: 1961
  100:
    precision: 0.18723540223623586
    recall: 0.16835932762467098
    support: 4934
  1000:
    precision: 0.321929214550418
    recall: 0.2616009555585071
    support: 2752
  .inf:
    precision: 0.4013737373535715
    recall: 0.3985345086316354
    support: 221
entity_types:
  Sachbegriff:
    precision: 0.18405103848299253
    recall: 0.15990550515149543
  Geografikum:
    precision: 0.2721616648359547
    recall: 0.26042700239051236
  Person (individualisiert):
    precision: 0.32108574094234943
    recall: 0.2984719088522081
  Werk:
    precision: 0.09715489989462592
    recall: 0.09154498469566963
  Körperschaft:
    precision: 0.11256322818982666
    recall: 0.10603338632750398
  Konferenz:
    precision: 0.2727272727272727
    recall: 0.2727272727272727
  null:
    precision: 0.0
    recall: 0.0
avg_no_preds: 2.668172094128833
bertscore:
  precision: 0.8334451162222873
  recall: 0.8052673903587229
  f1: 0.8179002758057973
meteor: 0.3305926760423924
rouge:
  rouge1: 0.41819620263682833
  rouge2: 0.1656266876591414
  rougeL: 0.38742643254987524
  rougeLsum: 0.38732427904118266
similarity_to_title:
  not-similar: 0.18219461697722567
  somewhat-similar: 0.21755166241796386
  similar: 0.40734854151084515
  very-similar: 0.6590257879656161
