recall: 0.3788101256427855
precision: 0.4602589787995065
f1: 0.3924099893240225
jaccard: 0.19620499466201125
weighted_precision: 0.508506391197403
recall@1: 0.2540674149688887
precision@1: 0.5796291894461612
f1@1: 0.3218952369237608
recall@3: 0.36661281202224866
precision@3: 0.47502178908168924
f1@3: 0.3911729077134424
recall@5: 0.37856851208111014
precision@5: 0.46054195388637986
f1@5: 0.3924301731096723
recall@10: 0.3788101256427855
precision@10: 0.4602589787995065
f1@10: 0.3924099893240225
label_frequencies:
  0:
    precision: 0.1080777860882573
    recall: 0.10602094240837696
    support: 813
  1:
    precision: 0.09269162210338681
    recall: 0.09061200237670826
    support: 704
  10:
    precision: 0.13190383365821962
    recall: 0.12390482378786473
    support: 1961
  100:
    precision: 0.19145143359728045
    recall: 0.17014773694193794
    support: 4934
  1000:
    precision: 0.31951816503106517
    recall: 0.26062219932161484
    support: 2752
  .inf:
    precision: 0.3757876812276099
    recall: 0.3776445204188005
    support: 221
entity_types:
  Sachbegriff:
    precision: 0.18590347788828865
    recall: 0.16116909915436184
  Geografikum:
    precision: 0.28957041995134886
    recall: 0.27891769919935194
  Person (individualisiert):
    precision: 0.3448551326534995
    recall: 0.3204262050995719
  Werk:
    precision: 0.09318031921910039
    recall: 0.0898247643399998
  Körperschaft:
    precision: 0.168017168017168
    recall: 0.1544486211152878
  null:
    precision: 0.0
    recall: 0.0
  Konferenz:
    precision: 0.125
    recall: 0.125
avg_no_preds: 2.6719752792964107
bertscore:
  precision: 0.8332023372311815
  recall: 0.8052551826700791
  f1: 0.8177799564983943
meteor: 0.3301090447103818
rouge:
  rouge1: 0.41791240844798905
  rouge2: 0.1644589062343254
  rougeL: 0.3876853357942135
  rougeLsum: 0.3874125296101748
similarity_to_title:
  not-similar: 0.17391304347826086
  somewhat-similar: 0.2155990670933449
  similar: 0.4094988780852655
  very-similar: 0.6504297994269341
