recall: 0.37964946998700266
precision: 0.46243335936704133
f1: 0.3937804435235832
jaccard: 0.19689022176179158
weighted_precision: 0.5103827395341987
recall@1: 0.25373555115354496
precision@1: 0.580342286665082
f1@1: 0.32174959907905
recall@3: 0.3684506623239687
precision@3: 0.4782109183107519
f1@3: 0.39350216978452135
recall@5: 0.37946313089229655
precision@5: 0.46266341811266937
f1@5: 0.39380370081256705
recall@10: 0.37964946998700266
precision@10: 0.46243335936704133
f1@10: 0.3937804435235832
label_frequencies:
  0:
    precision: 0.10848126232741617
    recall: 0.10718688362919132
    support: 813
  1:
    precision: 0.08937863483318029
    recall: 0.08983777165595347
    support: 704
  10:
    precision: 0.12485699427977119
    recall: 0.11794257484585098
    support: 1961
  100:
    precision: 0.19008140865021905
    recall: 0.16608990900366813
    support: 4934
  1000:
    precision: 0.3239317430096406
    recall: 0.26514469080277203
    support: 2752
  .inf:
    precision: 0.38634849026327817
    recall: 0.3822261294237175
    support: 221
entity_types:
  Sachbegriff:
    precision: 0.18633644950459285
    recall: 0.1608889402789147
  Geografikum:
    precision: 0.2780966396816382
    recall: 0.26884171320374467
  Person (individualisiert):
    precision: 0.3368185171891202
    recall: 0.30877319800058495
  Werk:
    precision: 0.10535714285714286
    recall: 0.10300185162822525
  Körperschaft:
    precision: 0.13966448507604665
    recall: 0.12476726531167792
  null:
    precision: 0.0
    recall: 0.0
  Konferenz:
    precision: 0.16666666666666666
    recall: 0.16666666666666666
avg_no_preds: 2.6568813881625863
bertscore:
  precision: 0.833932898419754
  recall: 0.8056513337276314
  f1: 0.8183485919572918
meteor: 0.332434920145993
rouge:
  rouge1: 0.4200644897840175
  rouge2: 0.16273898610781773
  rougeL: 0.3883465596920943
  rougeLsum: 0.38842038419352254
similarity_to_title:
  not-similar: 0.17391304347826086
  somewhat-similar: 0.2182567662851874
  similar: 0.40921839940164545
  very-similar: 0.6361031518624641
