recall: 0.3790185971490939
precision: 0.45874308125912594
f1: 0.39124855890770505
jaccard: 0.19562427945385252
weighted_precision: 0.5057751855994441
recall@1: 0.25430916276233606
precision@1: 0.5820061801758973
f1@1: 0.3225894632003498
recall@3: 0.36744500184600015
precision@3: 0.4763489422391253
f1@3: 0.3916085067695129
recall@5: 0.3789221969694991
precision@5: 0.4591217019253625
f1@5: 0.39141850246157456
recall@10: 0.3790185971490939
precision@10: 0.45874308125912594
f1@10: 0.39124855890770505
label_frequencies:
  0:
    precision: 0.09209280303030302
    recall: 0.09043560606060606
    support: 813
  10:
    precision: 0.11191806331471137
    recall: 0.10714750207966489
    support: 2665
  100:
    precision: 0.19207865050652242
    recall: 0.17085177891329376
    support: 4934
  1000:
    precision: 0.3220820987619302
    recall: 0.26232708005747196
    support: 2752
  10000:
    precision: 0.3878648934317006
    recall: 0.3790667704696569
    support: 216
  100000:
    precision: 0.3685342465362086
    recall: 0.41852451411893704
    support: 5
entity_types:
  Sachbegriff:
    precision: 0.18321904349340465
    recall: 0.15856807118451152
  Geografikum:
    precision: 0.2955043049405328
    recall: 0.2852370359952249
  Person (individualisiert):
    precision: 0.3297463149359176
    recall: 0.30858842372405876
  Werk:
    precision: 0.1041050102712301
    recall: 0.09520372389005097
  Körperschaft:
    precision: 0.14301736660422712
    recall: 0.13540444724288736
  Konferenz:
    precision: 0.13333333333333333
    recall: 0.13333333333333333
  null:
    precision: 0.0
    recall: 0.0
avg_no_preds: 2.6789874019491324
bertscore:
  precision: 0.8326862527096047
  recall: 0.8069684266661532
  f1: 0.8183751683606936
meteor: 0.3338421961644816
rouge:
  rouge1: 0.4182231032831296
  rouge2: 0.16455145863027182
  rougeL: 0.38780568757555034
  rougeLsum: 0.38776104359201213
similarity_to_title:
  not-similar: 0.2028985507246377
  somewhat-similar: 0.21717199110484353
  similar: 0.4115557217651459
  very-similar: 0.6446991404011462
