recall: 0.3790185971490939
precision: 0.45874308125912594
f1: 0.39124855890770505
jaccard: 0.19562427945385252
weighted_precision: 0.5057751855994441
recall@1: 0.25430916276233606
precision@1: 0.5820061801758973
f1@1: 0.3225894632003498
recall@3: 0.36744500184600015
precision@3: 0.4763489422391253
f1@3: 0.3916085067695129
recall@5: 0.3789221969694991
precision@5: 0.4591217019253625
f1@5: 0.39141850246157456
recall@10: 0.3790185971490939
precision@10: 0.45874308125912594
f1@10: 0.39124855890770505
label_frequencies:
  0:
    precision: 0.09209280303030302
    recall: 0.09043560606060606
    support: 813
  1:
    precision: 0.07680901542111507
    recall: 0.07562277580071175
    support: 704
  10:
    precision: 0.1268943706514864
    recall: 0.1205948616005542
    support: 1961
  100:
    precision: 0.19207865050652242
    recall: 0.17085177891329376
    support: 4934
  1000:
    precision: 0.3220820987619302
    recall: 0.26232708005747196
    support: 2752
  .inf:
    precision: 0.38744282690559817
    recall: 0.37992829325675914
    support: 221
entity_types:
  Sachbegriff:
    precision: 0.18321904349340465
    recall: 0.15856807118451152
  Geografikum:
    precision: 0.2955043049405328
    recall: 0.2852370359952249
  Person (individualisiert):
    precision: 0.3297463149359176
    recall: 0.30858842372405876
  Werk:
    precision: 0.1041050102712301
    recall: 0.09520372389005097
  Körperschaft:
    precision: 0.14301736660422712
    recall: 0.13540444724288736
  Konferenz:
    precision: 0.13333333333333333
    recall: 0.13333333333333333
  null:
    precision: 0.0
    recall: 0.0
avg_no_preds: 2.6789874019491324
bertscore:
  precision: 0.8326862524758333
  recall: 0.8069684270841083
  f1: 0.8183751688636565
meteor: 0.3338421961644816
rouge:
  rouge1: 0.41850907466013204
  rouge2: 0.16452133260310284
  rougeL: 0.387950075523403
  rougeLsum: 0.38776806881653875
similarity_to_title:
  not-similar: 0.2028985507246377
  somewhat-similar: 0.21717199110484353
  similar: 0.4115557217651459
  very-similar: 0.6446991404011462
