recall: 0.3800751022127509
precision: 0.45914858455861546
f1: 0.39232430002450613
jaccard: 0.19616215001225307
weighted_precision: 0.5060190541703542
recall@1: 0.25435236659386884
precision@1: 0.5815307820299501
f1@1: 0.32262038729830506
recall@3: 0.36782465799230574
precision@3: 0.47565565327628556
f1@3: 0.3917774110990249
recall@5: 0.37991399506329104
precision@5: 0.45957134933840427
f1@5: 0.392471363392129
recall@10: 0.3800751022127509
precision@10: 0.45914858455861546
f1@10: 0.39232430002450613
label_frequencies:
  0:
    precision: 0.09919177075679647
    recall: 0.09619152583884398
    support: 813
  10:
    precision: 0.11227293064876957
    recall: 0.10773580483647598
    support: 2665
  100:
    precision: 0.18758228658456708
    recall: 0.16527100007619924
    support: 4934
  1000:
    precision: 0.32533127905008274
    recall: 0.26663488055083284
    support: 2752
  10000:
    precision: 0.391626867700685
    recall: 0.39042889788558643
    support: 216
  100000:
    precision: 0.38257289114610765
    recall: 0.44115745148663227
    support: 5
entity_types:
  Sachbegriff:
    precision: 0.18552307881432403
    recall: 0.1606949059525883
  Geografikum:
    precision: 0.2689584206677681
    recall: 0.2567183268203425
  Person (individualisiert):
    precision: 0.30743193153587417
    recall: 0.2830926463244265
  Werk:
    precision: 0.09196570972886763
    recall: 0.08636736070946598
  Körperschaft:
    precision: 0.14974723717602514
    recall: 0.14122977170068582
  Konferenz:
    precision: 0.23529411764705882
    recall: 0.23529411764705882
  null:
    precision: 0.0
    recall: 0.0
avg_no_preds: 2.6779177561207512
bertscore:
  precision: 0.832706938609959
  recall: 0.8068748835021763
  f1: 0.8183128440255418
meteor: 0.3341717082134107
rouge:
  rouge1: 0.41976358459536445
  rouge2: 0.1667822722185221
  rougeL: 0.3895971261238319
  rougeLsum: 0.38963941605915636
similarity_to_title:
  not-similar: 0.19668737060041408
  somewhat-similar: 0.2199924065737376
  similar: 0.4128646222887061
  very-similar: 0.6418338108882522
