recall: 0.3526697192224884
precision: 0.40812393176904704
f1: 0.3558386698682873
jaccard: 0.17791933493414366
weighted_precision: 0.45444629377530715
recall@1: 0.23036621488012027
precision@1: 0.5381507012122653
f1@1: 0.29439025834319393
recall@3: 0.3403568772299459
precision@3: 0.4274423579748039
f1@3: 0.35687227025752455
recall@5: 0.35243102973671075
precision@5: 0.4084957610331986
f1@5: 0.35592494805269326
recall@10: 0.3526697192224884
precision@10: 0.40812393176904704
f1@10: 0.3558386698682873
label_frequencies:
  0:
    precision: 0.08554763447828904
    recall: 0.08430546554331389
    support: 813
  10:
    precision: 0.10091403162055336
    recall: 0.09679912478825523
    support: 2665
  100:
    precision: 0.17453733413402994
    recall: 0.15381053763549618
    support: 4934
  1000:
    precision: 0.29857948674729085
    recall: 0.24865074658091466
    support: 2752
  10000:
    precision: 0.3747559955662245
    recall: 0.38000543428361516
    support: 216
  100000:
    precision: 0.31495969969877013
    recall: 0.4506419050021063
    support: 5
entity_types:
  Sachbegriff:
    precision: 0.1648105056180308
    recall: 0.1436103812967707
  Geografikum:
    precision: 0.28171331037075026
    recall: 0.27011256343826606
  Person (individualisiert):
    precision: 0.3019460072129226
    recall: 0.28426739926739925
  Werk:
    precision: 0.09925137903861309
    recall: 0.09368802985824262
  null:
    precision: 0.0
    recall: 0.0
  Körperschaft:
    precision: 0.13435660604701377
    recall: 0.12461523179344962
  Konferenz:
    precision: 0.13333333333333333
    recall: 0.13333333333333333
avg_no_preds: 2.791537913002139
bertscore:
  precision: 0.8041842639205403
  recall: 0.7957537255655254
  f1: 0.7983681208763775
meteor: 0.31079744488503397
rouge:
  rouge1: 0.3640954712119469
  rouge2: 0.13957688300278645
  rougeL: 0.33543269877436566
  rougeLsum: 0.335500831760011
similarity_to_title:
  not-similar: 0.17805383022774326
  somewhat-similar: 0.20740901448174867
  similar: 0.387621540762902
  very-similar: 0.5988538681948424
