recall: 0.21841059067705135
precision: 0.05336344188257666
f1: 0.07961103331269964
jaccard: 0.039805516656349814
weighted_precision: 0.06680980132423793
recall@1: 0.1360927863304854
precision@1: 0.29985738055621586
f1@1: 0.16985333750843615
recall@3: 0.19378806658043643
precision@3: 0.15272165438554788
f1@3: 0.15303328336753022
recall@5: 0.210191622153828
precision@5: 0.10125980508676016
f1@5: 0.12373388224605716
recall@10: 0.21841059067705135
precision@10: 0.05336344188257666
f1@10: 0.07961103331269964
label_frequencies:
  0:
    precision: 0.01607127898429323
    recall: 0.02053188304560423
    support: 813
  10:
    precision: 0.023724244231838856
    recall: 0.031248065124394913
    support: 2665
  100:
    precision: 0.079632067903603
    recall: 0.09572618159009307
    support: 4934
  1000:
    precision: 0.17273768215119883
    recall: 0.1286847041178277
    support: 2752
  10000:
    precision: 0.23648339740066407
    recall: 0.06630603094164046
    support: 216
  100000:
    precision: 0.4
    recall: 0.0063523881938204185
    support: 5
entity_types:
  Sachbegriff:
    precision: 0.054120872987330426
    recall: 0.05788106027539185
  Geografikum:
    precision: 0.03738124741842214
    recall: 0.030977037555980753
  Werk:
    precision: 0.017503470365153907
    recall: 0.02548341865849284
  Person (individualisiert):
    precision: 0.04634593356242841
    recall: 0.040280914198439974
  Körperschaft:
    precision: 0.01913918572726252
    recall: 0.022061300101044123
  null:
    precision: 0.0
    recall: 0.0
  Konferenz:
    precision: 0.012326169405815423
    recall: 0.02654867256637168
avg_no_preds: 10.0
similarity_to_title:
  not-similar: 0
  somewhat-similar: 0.004393339480392689
  similar: 0.3801421091997008
  very-similar: 0.9283667621776505
