recall: 0.3857768053988639
precision: 0.43827634215083705
f1: 0.3870408901532394
jaccard: 0.1935204450766197
weighted_precision: 0.4841410805880629
recall@1: 0.2504312823958652
precision@1: 0.572260518183979
f1@1: 0.3172793473066827
recall@3: 0.3716613735154263
precision@3: 0.460561762142461
f1@3: 0.38854573901204864
recall@5: 0.38539139333054234
precision@5: 0.43859440614848266
f1@5: 0.3870111677390807
recall@10: 0.3857768053988639
precision@10: 0.43827634215083705
f1@10: 0.3870408901532394
label_frequencies:
  0:
    precision: 0.08563102443398342
    recall: 0.08518269446312486
    support: 813
  10:
    precision: 0.11500961874781392
    recall: 0.1105487683006046
    support: 2665
  100:
    precision: 0.18241445554347002
    recall: 0.1629812206219321
    support: 4934
  1000:
    precision: 0.31749804709881585
    recall: 0.26929338045516943
    support: 2752
  10000:
    precision: 0.3817552097806435
    recall: 0.3979588187748494
    support: 216
  100000:
    precision: 0.3739209884676413
    recall: 0.4436313881739177
    support: 5
entity_types:
  Sachbegriff:
    precision: 0.178404710446481
    recall: 0.158010274902098
  Geografikum:
    precision: 0.2526075389328187
    recall: 0.24212947286993972
  Person (individualisiert):
    precision: 0.3219764527598065
    recall: 0.2987227435513849
  Werk:
    precision: 0.1144345238095238
    recall: 0.11411052715400541
  null:
    precision: 0.0
    recall: 0.0
  Körperschaft:
    precision: 0.14996463231757348
    recall: 0.14722893252305017
  Konferenz:
    precision: 0.17857142857142858
    recall: 0.21428571428571427
avg_no_preds: 2.893629664844307
bertscore:
  precision: 0.8271535828245601
  recall: 0.8073203704909415
  f1: 0.8158921524722927
meteor: 0.34109634179454573
rouge:
  rouge1: 0.4113511543535372
  rouge2: 0.1633314937577302
  rougeL: 0.3808708872916537
  rougeLsum: 0.3808279096448026
similarity_to_title:
  not-similar: 0.21325051759834368
  somewhat-similar: 0.22443998481314748
  similar: 0.41305160807778607
  very-similar: 0.670487106017192
