recall: 0.3845679928844892
precision: 0.4375587173305262
f1: 0.38536115855027614
jaccard: 0.19268057927513807
weighted_precision: 0.48482919885984976
recall@1: 0.2516574949098125
precision@1: 0.5707154742096506
f1@1: 0.3182436432911831
recall@3: 0.3713266054126525
precision@3: 0.45899690991205133
f1@3: 0.3870420421483775
recall@5: 0.38438627571620204
precision@5: 0.4381427779098328
f1@5: 0.3855819265715587
recall@10: 0.3845679928844892
precision@10: 0.4375587173305262
f1@10: 0.38536115855027614
label_frequencies:
  0:
    precision: 0.08561643835616438
    recall: 0.08424657534246575
    support: 813
  1:
    precision: 0.08033675799086758
    recall: 0.07990867579908675
    support: 704
  10:
    precision: 0.12252521479267837
    recall: 0.11537613177508582
    support: 1961
  100:
    precision: 0.18615238319975502
    recall: 0.16870849346562214
    support: 4934
  1000:
    precision: 0.31345093688025305
    recall: 0.2637830866507837
    support: 2752
  .inf:
    precision: 0.38259897710824176
    recall: 0.4004080911831771
    support: 221
entity_types:
  Sachbegriff:
    precision: 0.17826783535570462
    recall: 0.1583735859506655
  Geografikum:
    precision: 0.25949942319674785
    recall: 0.25540494892345167
  Person (individualisiert):
    precision: 0.32248789649975423
    recall: 0.2993836368836369
  Werk:
    precision: 0.09567567567567567
    recall: 0.08902583902583902
  Körperschaft:
    precision: 0.13657855466000915
    recall: 0.12639177033989715
  null:
    precision: 0.0
    recall: 0.0
  Konferenz:
    precision: 0.07142857142857142
    recall: 0.07142857142857142
avg_no_preds: 2.8872117898740193
bertscore:
  precision: 0.8274748850979543
  recall: 0.8071800164465727
  f1: 0.8159563104472195
meteor: 0.33985554001929646
rouge:
  rouge1: 0.4102669128743429
  rouge2: 0.1619624130334143
  rougeL: 0.3804288086478219
  rougeLsum: 0.3801946615790278
similarity_to_title:
  not-similar: 0.19875776397515527
  somewhat-similar: 0.21879915387535934
  similar: 0.4169783096484667
  very-similar: 0.670487106017192
