recall: 0.3900427092517656
precision: 0.4424799370663407
f1: 0.3908877160465899
jaccard: 0.19544385802329495
weighted_precision: 0.489613124385937
recall@1: 0.254071148063304
precision@1: 0.5776087473258854
f1@1: 0.3213865163175836
recall@3: 0.3751741005871027
precision@3: 0.4633745345059821
f1@3: 0.3916252402275347
recall@5: 0.3898033080407694
precision@5: 0.4430294746850487
f1@5: 0.3910756946199221
recall@10: 0.3900427092517656
precision@10: 0.4424799370663407
f1@10: 0.3908877160465899
label_frequencies:
  0:
    precision: 0.094896331738437
    recall: 0.09409888357256778
    support: 813
  1:
    precision: 0.09130434782608696
    recall: 0.09028985507246377
    support: 704
  10:
    precision: 0.12854010025062657
    recall: 0.12008384055376536
    support: 1961
  100:
    precision: 0.1848242660455864
    recall: 0.16788890595458014
    support: 4934
  1000:
    precision: 0.31467914715712425
    recall: 0.269892648058404
    support: 2752
  .inf:
    precision: 0.3984625988563772
    recall: 0.4024677188695135
    support: 221
entity_types:
  Sachbegriff:
    precision: 0.18017368857267274
    recall: 0.16133964410155674
  Geografikum:
    precision: 0.2582256854791854
    recall: 0.25039148674950534
  Person (individualisiert):
    precision: 0.3368266885001365
    recall: 0.31338700207154074
  Werk:
    precision: 0.09966342557965595
    recall: 0.09529562932704294
  Körperschaft:
    precision: 0.1640429377385899
    recall: 0.15141592185070446
  Konferenz:
    precision: 0.07692307692307693
    recall: 0.07692307692307693
  null:
    precision: 0.0
    recall: 0.0
avg_no_preds: 2.8885191347753745
bertscore:
  precision: 0.8282380320409826
  recall: 0.8082815903806335
  f1: 0.8169087140385034
meteor: 0.34201481250210536
rouge:
  rouge1: 0.4152476325698051
  rouge2: 0.16400530198757313
  rougeL: 0.3846611537615632
  rougeLsum: 0.3845364376752244
similarity_to_title:
  not-similar: 0.17805383022774326
  somewhat-similar: 0.22460270109019906
  similar: 0.41912864622288704
  very-similar: 0.7077363896848138
