recall: 0.3900427092517656
precision: 0.4424799370663407
f1: 0.3908877160465899
jaccard: 0.19544385802329495
weighted_precision: 0.489613124385937
recall@1: 0.254071148063304
precision@1: 0.5776087473258854
f1@1: 0.3213865163175836
recall@3: 0.3751741005871027
precision@3: 0.4633745345059821
f1@3: 0.3916252402275347
recall@5: 0.3898033080407694
precision@5: 0.4430294746850487
f1@5: 0.3910756946199221
recall@10: 0.3900427092517656
precision@10: 0.4424799370663407
f1@10: 0.3908877160465899
label_frequencies:
  0:
    precision: 0.094896331738437
    recall: 0.09409888357256778
    support: 813
  10:
    precision: 0.11730096237970254
    recall: 0.11109090530350373
    support: 2665
  100:
    precision: 0.1848242660455864
    recall: 0.16788890595458014
    support: 4934
  1000:
    precision: 0.31467914715712425
    recall: 0.269892648058404
    support: 2752
  10000:
    precision: 0.39911327928278395
    recall: 0.4009134867426254
    support: 216
  100000:
    precision: 0.36944225183863594
    recall: 0.47178647172872074
    support: 5
entity_types:
  Sachbegriff:
    precision: 0.18017368857267274
    recall: 0.16133964410155674
  Geografikum:
    precision: 0.2582256854791854
    recall: 0.25039148674950534
  Person (individualisiert):
    precision: 0.3368266885001365
    recall: 0.31338700207154074
  Werk:
    precision: 0.09966342557965595
    recall: 0.09529562932704294
  Körperschaft:
    precision: 0.1640429377385899
    recall: 0.15141592185070446
  Konferenz:
    precision: 0.07692307692307693
    recall: 0.07692307692307693
  null:
    precision: 0.0
    recall: 0.0
avg_no_preds: 2.8885191347753745
bertscore:
  precision: 0.8282380317363712
  recall: 0.8082815902318699
  f1: 0.8169087144210385
meteor: 0.34201481250210536
rouge:
  rouge1: 0.4153525552048005
  rouge2: 0.16401795050851986
  rougeL: 0.3846225101675743
  rougeLsum: 0.3848099511297667
similarity_to_title:
  not-similar: 0.17805383022774326
  somewhat-similar: 0.22460270109019906
  similar: 0.41912864622288704
  very-similar: 0.7077363896848138
